26 42 1247 1700 4123 4304 4313 5390 3069 5578 9750 9769 628 2032 6438 2484 1720 5853 5087 945 9379 3426 9524 8409 4548 3769 124 
28 187 6257 1113 3462 5658 4175 8006 4950 8793 2788 6800 7423 4667 8963 5767 5268 955 4162 8303 6934 2377 9536 8433 5996 2537 9991 561 3071 
28 295 9538 2205 3950 5999 3757 8176 2908 8349 2274 3398 3603 2020 710 3446 7853 633 3068 9528 8331 9271 7469 8962 5232 7521 9904 9866 9558 
27 389 436 7042 1398 1913 489 8577 8458 3774 868 6954 9490 2759 9344 9617 7218 5672 1803 9578 2471 296 3996 8555 9148 3421 9580 2528 
33 493 3832 7793 554 9075 4091 3064 6284 3744 3267 7915 8441 550 7784 4460 6354 5766 3981 3983 7307 3641 471 5043 8098 2222 6080 9977 9713 9023 6881 4791 5410 2507 
28 691 7642 1531 8143 2252 8697 7381 6866 5496 4241 1724 1747 430 2882 193 1906 1941 7573 3365 3658 8075 8510 8779 1316 9987 824 6055 5666 
28 835 4474 477 2353 5525 8958 7840 4545 8211 6666 9500 2184 8482 3609 7200 1918 4493 9085 6372 7954 7665 7252 4038 4020 3406 2273 3080 3595 
28 1134 8128 7611 9933 3295 7177 2569 1917 2207 1671 5647 1444 6367 2682 1856 2237 9810 8319 4860 4670 3969 8474 8556 455 2054 5960 5365 3876 
26 1408 5049 2396 215 3332 771 7660 7703 8668 3194 4906 8345 1905 1416 6977 5272 9985 672 129 3673 7101 6293 3988 4461 5418 2288 
29 1711 7186 8934 6463 9884 9625 1639 6446 1839 9203 4431 2643 8035 198 7953 7184 1567 3319 7285 4899 3097 7530 9503 2454 181 617 2467 1690 3116 
28 1785 9054 8740 3260 9930 6382 8751 555 5875 200 6606 5304 3453 5854 8915 7844 7556 2798 5884 8984 9137 8405 3572 714 1266 4352 7839 5473 
27 1808 548 432 1961 2167 956 4953 8638 7462 1493 5200 9389 1452 2151 6119 7438 7961 8703 9341 9225 5305 7601 7807 396 4556 9556 6207 
30 1959 1660 766 3051 2971 3150 9719 4795 4273 6538 1098 9317 2547 2887 259 1094 7757 1613 7975 3638 3466 4778 6165 9603 8169 374 9865 3959 7837 8307 
29 2098 3968 1807 9236 6150 1264 8417 4472 6793 9870 4691 2522 4136 4376 1870 1170 5270 4027 3085 2164 8869 6458 293 6858 4608 4840 4793 825 582 
28 2139 9692 191 3264 3992 1969 6519 7866 4044 9883 6210 584 6763 9135 6433 8982 2663 7314 913 7434 7892 4468 9124 4615 6008 7362 9354 2107 
26 2150 7606 3579 5116 289 4722 9753 7931 4647 2062 1214 3321 3477 5565 3890 4404 2208 1008 2621 5221 1479 9576 6867 4590 3540 6511 
30 2223 3209 3681 5886 7638 3746 873 3537 3669 927 3340 2068 3286 5791 2465 1418 8630 9430 999 7808 8495 438 9656 7293 3070 3066 4798 5685 6542 7063 
27 2234 2191 8952 8778 3417 1994 1322 6419 87 2083 3506 6456 6386 9672 4776 2034 1611 3222 2490 6019 9550 25 2093 3734 1801 6952 2894 
29 2368 9194 4751 5387 676 3610 9407 8532 5439 323 7906 2923 8639 9763 6624 6530 3891 5927 2898 1476 1979 1232 607 9878 1939 1385 1255 9330 9932 
31 2440 6791 5334 2365 2512 2756 3623 7773 1198 7278 9451 2176 3791 5292 1244 2984 7088 9424 3927 4704 9706 1619 488 6370 8326 2694 262 439 4698 7294 7722 
27 2586 7720 8875 1124 3036 6618 4566 3430 2538 4857 6191 8145 9250 9448 604 8087 6689 9597 9663 8408 8647 2405 1947 240 3148 9161 6625 
28 2600 9157 6231 9640 6262 9546 9380 5570 1118 4124 8562 9228 6137 7276 1783 7546 3253 6775 9614 2543 3726 5765 3424 3239 3760 8070 7270 6301 
30 2603 7735 839 8177 4994 479 5400 8575 2429 7441 2477 9178 2373 6238 7312 9256 9729 1469 583 3162 4991 8856 5902 783 2294 1812 4384 120 6830 3107 
29 2635 773 281 4279 1267 1430 9961 8873 8641 2989 594 872 6581 3730 1458 7013 5484 6649 1903 8795 1343 2438 3712 3493 1361 5491 3970 8683 1766 
28 2734 3815 6879 1410 2906 9096 2468 8897 3192 4641 3637 9575 5352 2724 4829 4414 5487 5150 7262 4429 6645 9146 1500 7520 1181 3663 936 3048 
27 2758 8590 6983 7625 9937 4942 6099 8649 7374 59 7267 7459 6272 5732 5746 5539 5628 8827 967 6034 139 5190 1685 1449 3057 9555 8392 
29 2772 1568 9336 7496 5675 8540 8765 7572 5218 1525 1007 5584 5404 6025 5993 8348 6521 8217 7848 4837 7640 7198 160 7498 3450 6921 491 2781 6596 
31 2822 9696 4701 5532 5966 8052 6410 3411 7022 3997 2435 3887 9420 7082 5106 3360 3502 3108 2714 1632 9929 9801 28 9744 5785 5286 7524 3940 4827 5953 2155 
30 2921 1143 256 6032 629 4252 8442 9183 7392 8840 6385 9979 2389 6010 8255 1461 6453 8843 355 8161 6219 7085 284 9945 2751 5795 9474 696 6173 1199 
28 2922 7781 8073 5127 5181 7436 6826 9583 9990 7580 1189 7387 8616 7288 1135 7265 5737 2407 4812 9783 5676 9062 9631 6141 8935 4197 2786 4659 
29 3039 4801 8339 7475 2940 9123 919 2920 5163 8680 1792 1233 7935 564 133 3220 4332 1840 6400 759 3566 3793 708 9301 7713 3796 5712 3038 4977 
29 3042 1512 5209 7394 6889 3707 35 3489 9808 5976 7472 1168 5694 8989 6253 3514 7763 8139 247 1591 1394 6608 765 5316 2427 8100 7966 1875 6088 
30 3060 3860 3772 2649 3044 5940 3347 3847 7379 5168 4396 8877 1402 2017 6298 1553 8882 7700 335 536 6527 3732 3017 7454 699 4222 1119 8959 4526 7688 
31 3117 8709 3833 9361 6155 9621 6995 6016 8564 1932 7483 6329 6357 3058 9057 2977 8378 3657 5394 7273 5038 3916 6031 1501 8160 2638 2844 6052 2031 3829 3517 
27 3153 6687 5669 5826 6844 6727 2745 177 219 8330 1172 7532 5006 367 5076 6009 3432 7684 7398 4225 4859 8633 9557 6503 4552 8387 9982 
29 3183 8607 3878 7329 8829 653 81 8022 1064 8700 3229 521 6849 4825 1188 1171 6539 1 6417 1252 9105 5933 9849 4150 5936 3906 7801 8819 7652 
27 3190 1377 656 3659 5117 7185 8834 2232 2318 1082 5781 3035 8939 376 8475 981 6396 398 5931 7226 8280 3627 1718 8515 7478 4963 722 
28 3249 4796 7335 1597 3412 4278 7054 3745 1083 5297 8296 1698 1483 1145 4109 1050 4738 7832 1970 2750 728 3613 8706 6761 65 9094 3529 7368 
30 3425 6543 5564 6402 1325 5860 1674 6057 8292 8627 7415 7407 2255 709 1721 8796 4139 4438 6343 8868 8600 4536 3676 1857 5359 2567 8416 8589 5836 9577 
28 3448 2297 7384 4186 8766 132 6359 2289 6795 7268 4945 1319 2019 5839 7075 8175 4106 1502 8997 5469 6477 2856 1878 8241 4841 4962 3808 4188 
30 3516 3551 8625 3582 721 8991 385 3830 3770 5687 6586 8832 7877 6951 2165 8762 6841 4051 2047 1338 1087 9319 3294 4012 1454 9900 9916 2829 3530 8009 
28 3592 4878 4067 2506 2401 7361 9107 2961 2947 5603 5550 3416 6701 3026 5731 5001 5651 6863 4285 8101 6455 8739 2046 415 8682 8290 3334 7414 
30 3660 8545 3258 49 1976 4249 4817 5637 9660 5407 1837 9247 228 3065 7099 4421 183 3805 6058 9396 727 346 3823 3447 1995 7477 497 6271 1738 5320 
29 3883 8404 1330 6030 3764 4286 232 1593 380 8486 1692 4941 140 4930 8814 5426 8051 5958 6962 1565 9512 2880 4013 351 6713 5907 321 1001 5193 
30 4114 5336 61 8547 1080 768 7944 4642 5748 1132 7409 4243 5169 5441 3368 9800 3920 2315 2806 9896 9897 9142 6194 8014 8940 2618 1393 340 4256 7641 
26 4115 5241 3903 6445 4530 3348 3647 8723 790 4591 6352 5909 8422 9197 2432 2174 5034 6870 4102 3133 2282 8032 8516 2444 2956 8385 
30 4172 2156 1956 1805 8017 9632 6922 7621 2129 9619 9231 620 2030 4515 6082 339 7035 938 9409 6315 4372 5563 2461 3165 8818 3237 621 2487 9018 6135 
30 4904 27 4503 1051 3139 7144 4309 7359 1882 4263 8466 3191 4430 4045 9552 9668 7159 4893 9534 7624 8580 4253 8748 3699 7052 2264 2834 4257 126 9307 
28 4967 9243 2858 6407 1260 1677 6652 8238 373 7039 4316 6368 6182 6228 5662 6963 4261 5444 8473 2002 4729 5657 4646 127 7729 2431 7996 6479 
29 5260 7179 3575 8003 3331 2218 6007 2748 9461 3185 6276 5059 5279 1128 5330 7233 917 6924 3325 326 6285 8785 1646 7480 7683 2505 2902 224 4331 
31 5266 9038 7358 2876 1152 1257 8368 43 4454 5822 2230 1754 3635 4749 2551 2464 4373 5026 8837 7079 2650 3093 2356 6848 2978 7453 6533 6029 4832 6898 7527 
29 5371 4980 9992 9251 7442 593 5796 5850 1836 2689 3144 532 9871 9458 3806 7924 1977 4103 9144 3282 6122 8229 8202 6289 7711 2105 8978 5877 9343 
30 5588 994 5898 7969 3954 4192 9825 6643 2158 5700 7614 8214 3434 3798 4423 2704 8942 9264 756 7879 179 6383 5145 9433 7306 1957 7544 7553 2936 7456 
31 5604 3492 8850 1139 5263 571 9241 164 9848 7993 4736 8917 7076 3121 3010 838 9252 9507 7889 2307 8199 7098 3617 7452 8985 7972 7923 2329 3645 9607 2994 
29 5634 8948 5472 4824 952 208 9467 6994 1253 6515 3228 8967 115 1406 1142 3674 6078 8023 6678 9516 7497 9715 2655 9572 652 990 8574 6061 1911 
29 5876 5326 4238 8851 3385 4560 9874 8756 2771 8460 4388 1683 4990 5488 6941 8329 2753 5081 4609 7762 260 6118 9305 7977 2491 3015 205 5736 2565 
29 5959 8121 8431 667 1465 238 6779 4621 2983 2919 7257 2826 4992 2761 4855 8688 618 9070 268 6949 1065 9479 6579 4993 3614 1705 3366 9015 4275 
30 6056 1824 9695 2152 1670 6092 6910 2746 2258 6309 1777 4527 3892 5442 5219 4779 270 4614 1346 2026 4405 6346 3206 942 105 1943 8891 3956 2587 960 
28 6096 6488 9940 9219 5868 2346 2762 8646 7202 2183 9771 5998 92 7612 4312 2226 2419 5957 6789 1090 1388 217 8088 1470 6181 4998 2809 4184 
33 6130 3104 8434 4259 910 276 9175 3536 5705 6500 760 3711 1020 3835 9704 858 6721 539 6895 7909 6512 2754 1043 7786 3032 1110 6661 818 4995 3168 5845 7608 2659 
28 6198 4349 1021 8586 906 2394 6036 1433 1032 4064 4564 223 345 157 7124 8401 2299 7433 8822 6067 5715 9004 1978 7121 3457 3468 3285 6065 
30 6261 1833 5528 8797 9891 9382 5726 3917 4478 2142 3989 5440 7706 7873 3241 4813 99 2187 8226 595 3433 6349 4755 7687 5571 7411 9320 4643 9404 9600 
28 6340 1387 1704 6475 1250 7086 8454 5911 8689 4774 8552 781 7005 2220 3211 131 263 4191 7732 8380 3689 8716 3478 485 616 2616 6737 1793 
31 6440 2517 9366 417 4436 2085 5144 4302 572 3803 3912 6344 203 7195 9855 109 3382 3271 4488 1272 5755 2319 6307 4972 6108 2905 4907 7616 5285 1739 6413 
30 6599 7256 7343 8227 3618 7707 7992 4104 5188 8920 5253 9436 7610 2986 2495 9414 568 4883 56 2488 5139 329 7827 2987 4884 5809 24 8402 9768 6422 
28 6613 4469 3693 1924 747 1197 3118 2375 8423 1519 9376 4544 8350 510 3377 4365 5648 755 1624 5111 8809 4242 4270 1287 4532 8374 9995 4576 
27 6781 9727 9492 8130 879 5478 9975 3100 7038 4201 123 8826 8149 9876 1383 4555 8866 4719 9230 2816 5576 3154 2667 5231 9731 9296 85 
27 6812 1846 3005 2141 837 473 2310 4017 8206 7811 6976 3819 1498 6175 8288 4321 1366 6127 829 401 4283 1900 2559 6704 2881 953 4594 
29 6933 8346 9584 7694 7244 3 8910 5912 2499 3167 5035 1557 4565 4081 1771 3963 7385 3043 6387 2402 7959 8091 8635 7897 6943 5633 4237 5779 531 
28 7080 1312 6699 5566 1241 53 3281 5760 1549 734 2100 1524 2092 1314 9359 3067 9893 9998 772 5891 4022 7818 8188 3948 4367 882 8443 7820 
28 7245 5613 288 2479 5229 8093 1944 1610 9690 8623 1908 2066 7792 3461 492 52 5640 3244 4441 7211 3861 7754 9065 6660 4735 6883 2215 7348 
32 7318 7855 5197 1768 3899 9227 1675 5258 5945 393 2334 2027 261 6069 2050 76 8512 2967 8787 3400 1495 2118 1075 5414 29 1966 4505 1518 2308 3024 8715 470 
28 7320 7216 9039 9120 4248 6566 2774 9289 7097 886 1163 7056 5848 32 3495 2658 6877 3261 6314 2688 8467 7902 7019 2721 2448 6633 1791 3767 
27 7643 4581 9202 850 663 220 4692 7111 6277 569 6310 3926 1774 1054 7622 4470 2113 7479 6297 988 4210 2177 3208 2718 1486 7965 2623 
27 7678 2795 3172 6790 4739 7061 6295 2937 4958 1092 2656 1459 6484 4120 8129 3013 1213 3773 6987 4675 2074 857 1576 1881 8744 6647 5486 
30 7851 8896 3471 3855 5151 5307 3205 9936 9059 7078 5601 2897 1261 8489 623 1876 386 507 6336 8419 4464 9265 298 7376 5515 5882 5780 4354 341 4915 
31 8103 9594 2332 1491 6890 9352 5171 4628 5619 7878 888 4289 9842 6997 1933 9434 2944 6502 5622 8720 1265 2665 122 6886 9608 4326 218 9912 8024 966 7049 
28 8172 6980 8027 817 2352 8526 541 2470 5838 8013 300 8721 2790 1482 5443 958 9683 1652 4513 2742 2773 5824 2883 8522 9476 3328 4775 9212 
28 8450 5383 8286 5895 1390 8418 5079 6547 9658 5490 715 686 6018 8446 57 9098 8461 4143 4879 6894 6805 7658 3135 7289 2819 556 5897 9255 
26 8544 8447 8438 8471 9302 8911 9267 3865 8602 5124 5869 3828 7859 4819 354 6939 5335 6880 1162 50 4979 5538 4820 4135 4690 647 
29 8725 4671 9747 6871 2186 2339 4093 5170 926 8993 1248 8760 9703 3147 6174 5581 2949 297 5419 3852 5267 6831 1153 8836 6408 41 6823 4708 4347 
30 8854 804 5771 1196 4757 6003 7650 3851 1750 2738 980 8493 6531 546 2153 3488 1467 3054 8713 5447 5825 9758 4663 9493 1129 6086 4984 5586 7903 1397 
27 8980 8440 3951 684 4858 4377 9457 619 161 5083 116 5367 4598 9666 1536 9262 3615 9337 4725 1902 2503 8393 6366 3311 3840 2213 1627 
27 9053 7205 1712 5917 7481 338 9147 3541 8001 1725 7671 2867 5018 5894 1103 254 1673 5422 3569 104 3874 2117 7583 2498 3197 2850 6537 
30 9058 9446 8166 144 2570 7482 8711 3326 2679 4931 8055 5420 9187 3695 3132 1866 3650 8133 2227 3248 3761 1200 3739 2374 2285 787 1428 4422 9782 9154 
27 9141 7006 7251 7191 5182 2359 9184 1888 1609 1360 1630 1003 3629 231 3672 7206 1640 1006 7372 7311 3022 6209 2812 1765 7938 6142 7341 
28 9151 1573 2418 5349 2767 1293 91 2331 8274 1089 3277 798 6115 6471 6338 1606 3004 3728 1733 1992 9682 3994 2896 1800 6972 7029 1533 5644 
30 9351 1925 7695 1205 170 2966 5706 3741 3299 5301 400 2097 9664 4215 4011 7363 4280 9047 1858 6739 2997 1296 9639 3223 6465 7551 2866 5256 836 7775 
29 9581 286 6970 9806 7485 7016 9599 3558 9314 4679 3402 6674 6206 2404 3944 2982 2219 834 6120 6571 4709 9086 543 1583 2257 427 9869 9847 5823 
28 9738 5645 2954 6935 2195 8584 899 1151 1420 465 8067 7282 2520 8115 580 6998 494 5631 3263 6549 3624 6926 5016 517 2848 7474 5991 7010 
30 9822 4830 5041 4951 416 7421 7744 9115 6746 3272 2613 5502 7950 2825 3136 3028 5114 9276 9405 4475 1582 9386 1381 7224 9905 7595 7100 6524 5007 8670 
28 9861 6152 2384 3391 6868 4514 466 9172 7629 4579 4818 8801 986 729 5104 2821 3602 1710 72 6529 9048 9859 8308 6534 8981 1655 3633 98 
29 3187 7047 7031 7015 928 3620 6822 8970 9406 689 5028 8318 9497 855 3034 9196 775 1033 9345 549 4142 7302 5792 8323 2328 9705 5609 8539 4747 
28 3636 6190 3701 3682 6516 3755 6990 4134 2832 7419 4728 4266 1650 5761 3152 5982 8029 241 4187 9807 8735 1529 2340 197 6222 2514 2306 7533 
29 45 5500 534 6265 7529 1148 1737 6554 3225 7526 9362 5100 8677 3982 5817 3889 5956 2292 2690 3945 7874 8354 9399 1506 6478 9517 1022 9152 7718 
27 9392 4634 9506 3126 4716 3346 2136 420 4483 5412 5913 1701 5720 4072 1511 8758 3329 7710 2932 3750 4624 1538 2478 453 3664 2456 1637 
29 6570 4574 6640 8885 462 2101 6703 6274 7680 4334 8859 9007 4603 1963 1070 9292 4843 4010 6054 5099 7548 8998 7461 5665 4571 2776 4502 1778 7796 
30 4467 9814 7222 9913 3027 6234 8204 6753 9864 6747 8528 7709 2763 6552 7072 7919 1894 2387 9021 5692 1480 2831 5025 3483 8192 7119 4291 2959 4353 496 
27 4935 7494 3324 7742 4983 1203 5396 1121 3212 5592 8659 4402 877 1662 8355 1173 8702 2662 9026 2102 1497 113 8306 1629 9100 1773 2388 
31 6428 625 1691 4660 8949 8820 7259 1487 5424 5274 6740 8652 1723 8755 2080 4925 8341 3853 7630 4482 840 6140 3564 3087 3977 752 6838 8979 6798 2594 7134 
28 3922 4397 8026 4769 7323 3266 2295 5506 5969 4864 7536 5395 7308 1873 5804 4814 8425 1190 5164 4198 317 5019 5017 8803 852 8062 9882 6588 
27 586 1788 9568 1835 8936 6125 3949 2450 5146 5384 3863 997 3795 125 6426 8295 5242 1584 6232 8312 4626 9377 8174 3014 9765 2371 977 
27 7883 9868 7648 9095 7974 4486 6902 4025 7105 3364 2946 7701 1667 5519 8242 226 4572 774 3597 1202 2336 894 3717 8305 5970 2810 6172 
27 9475 8364 6754 8841 3050 4355 9238 9762 8469 4822 933 8558 3464 5379 7199 1887 4118 1955 3395 9938 5735 8772 9032 1798 9767 4585 6216 
29 7138 3756 6796 5492 4481 4442 4165 221 6616 2409 9006 3565 9090 2780 4180 2546 1598 8972 4645 7023 5616 3738 5264 5184 3946 9642 3653 6320 8805 
31 156 2146 1040 2442 9755 7985 6657 2868 9943 5312 3784 51 1309 2076 1489 412 1838 5652 4492 613 7428 3394 136 5172 9061 6887 2248 1263 1323 4037 6091 
30 2584 7760 5984 2874 2 9273 4587 630 5739 4444 5403 9689 8899 6993 5450 8901 7779 2327 444 3973 8704 6259 2317 6583 1786 7192 1015 3008 8167 63 
31 9191 7313 6785 330 9685 9956 2168 5896 3703 5353 6979 9885 9093 2078 1564 8507 9694 3941 3897 8034 9726 9521 6834 8508 8922 2991 3936 8484 9829 8470 9741 
28 4189 5149 9785 4391 5714 7891 9725 5159 1693 8617 4657 4892 7388 1968 1052 7778 9077 481 8113 279 725 5217 5408 581 9244 3816 7697 4978 
28 8044 6671 1983 9606 6815 9831 5742 8687 5293 3313 5329 5834 3303 6345 998 4378 904 3327 6695 1884 3736 8102 9819 3842 5536 5161 9544 973 
27 2417 8523 3987 9268 8266 1547 2410 576 6856 1000 8892 3415 680 5727 418 9553 4056 1748 4982 622 821 8112 7518 8487 2099 2804 2518 
29 1579 1942 6294 9797 6509 3291 8421 9665 2238 2917 4900 1423 4153 8591 7258 639 7053 8667 4035 6734 3768 3691 4362 4783 8823 5275 7789 5717 3570 
25 3873 9117 8464 9967 2912 1344 252 5277 7955 2260 9072 3778 9996 5505 1763 2420 9016 4269 1274 9036 7717 7508 9422 3918 3143 
27 4052 3533 69 2752 6292 2782 311 2233 7765 2590 6585 1796 5664 7058 274 7626 2492 7357 8767 9102 1617 614 9686 7647 9099 1295 3059 
29 8858 4949 5973 7331 6351 5102 343 8790 4724 1039 991 9993 3174 3923 5962 4277 2888 8773 1450 3245 9226 7303 9374 7228 3930 3355 8105 3957 9510 
28 3875 2648 8543 6600 4214 7367 8046 6634 5587 6944 1081 1431 9983 3456 9367 3723 4080 2972 9928 6604 4206 3862 8622 4287 9679 368 7399 7577 
29 2995 9887 8503 460 8445 5318 9565 3429 789 1218 7352 6454 8426 2939 7102 8168 2692 8804 875 246 4211 6855 4651 9201 6324 5870 7470 4063 1289 
28 7576 7115 4710 7728 1414 5177 7316 5235 5222 1647 1206 4547 9464 4723 1439 5590 17 7333 5754 5141 9652 695 5812 8376 7900 6947 6843 2423 
30 9180 1415 8977 1772 2147 5901 9456 1541 4630 8912 4665 7939 9218 3685 4617 9390 4424 8764 8414 9162 3089 827 8065 2824 6248 2214 2703 451 3403 2494 
28 1574 1038 2599 3367 1283 7412 4116 6312 3648 3362 7213 4985 4343 2114 3692 8276 7231 1291 3967 1234 1982 372 5342 8637 940 8270 9109 6405 
30 4182 3235 9787 5534 2036 147 4394 7317 1620 6715 7071 7108 1085 4098 700 7499 7236 2910 6083 5977 3077 7057 6342 2612 6022 7746 3274 3758 1522 537 
28 3590 612 6493 780 3716 6221 9310 1895 4158 8089 292 1097 8864 6692 9681 9040 538 7141 1084 707 8357 267 312 7868 9112 9828 7843 2668 
30 719 2652 9820 1746 498 6864 8193 3318 1854 4734 5074 9889 1104 1589 4425 9010 1453 8221 2309 4868 2639 5288 9926 7204 1527 1254 2170 1079 2620 5690 
27 9168 6214 8950 4629 3722 319 6978 3156 6037 7802 9677 2833 2632 4551 7069 2245 5493 5617 1164 1357 9468 2796 6745 2828 8585 4767 5255 
27 6229 4797 2526 6073 5990 3019 9898 6535 3908 4168 4823 5905 4294 3441 8732 9066 7181 2344 7646 3966 770 2545 9523 4360 4479 1550 8879 
28 3016 395 5195 3350 5829 706 7691 7675 3780 1370 21 3146 5828 1829 1552 9483 5239 8757 1523 9171 6071 7182 1447 8527 6327 6266 4540 2783 
28 4764 1359 5914 1499 5423 3731 1440 1730 8040 8391 9952 865 9160 5135 4258 2231 3884 6526 9846 4233 5995 7501 8363 7617 3601 5543 4254 7649 
31 8141 3240 4060 5324 5908 5511 2305 4910 2279 1004 1485 1242 4856 1023 2998 3893 5972 5409 4525 7591 5212 8674 3935 3497 2421 826 3141 4961 47 4714 5273 
29 4891 9031 854 2472 1448 1076 3479 5303 3018 6233 7473 7824 403 9233 2056 3096 2125 2708 887 923 5636 748 9306 2597 2115 9934 9927 2075 6017 
28 1048 7639 4507 1926 7180 4788 6267 5315 3785 1852 5350 7400 9309 2683 4471 7126 8497 7570 9920 4854 2347 4000 5599 9667 4228 5849 9697 5269 
27 8946 23 7929 8282 2239 504 513 1174 6553 7024 8258 1880 9618 3390 7012 3287 3740 2792 3718 9028 8136 6489 1930 2709 7968 9444 1185 
29 602 3179 8415 5345 3322 6000 167 1770 841 7664 8153 4720 8231 4420 4276 9232 449 5174 8684 9911 165 1534 8449 632 3909 5678 2493 6480 9478 
30 3123 7030 5537 3396 6677 2137 9242 5863 6522 2489 7468 4684 301 3975 8390 9002 4213 6991 4043 9266 9237 1510 5866 6066 8243 4584 8081 6311 4516 4539 
29 3491 275 7581 4046 4005 6710 1160 5772 5861 2457 1986 1799 9628 225 2534 2869 1616 324 4924 5338 6243 4971 1183 8576 7094 8077 2441 7806 411 
29 2209 688 8492 1779 6374 7957 9537 173 9415 4500 3078 8191 9249 1056 5152 984 3605 2445 7813 2271 4770 2035 7266 2619 7734 8110 9748 2249 7947 
26 3216 4170 7867 9752 9391 5446 2313 4799 7450 6252 9300 4918 7044 4328 6884 2070 9701 7170 1475 7055 4741 6577 172 3522 6561 2436 
29 9189 4805 128 8118 9702 9816 9963 3804 1368 9994 6708 5192 6693 2859 2675 305 6075 2341 2181 4787 8 1463 4968 3374 8542 2627 9398 2481 2157 
32 4523 4260 3765 4765 6151 487 1600 4495 320 9533 3724 5012 1256 1548 6449 71 673 1392 2300 2593 6760 2723 3445 1775 4620 828 5521 2422 5593 8986 7805 7162 
27 9371 9037 2640 5226 6379 365 6393 9044 1980 753 1709 7949 6544 6147 4902 9297 6039 8459 4330 3189 7250 5873 2964 7396 6932 6513 8194 
29 934 2550 4088 3501 4650 434 4887 8913 6205 9491 2722 5530 4293 9809 2577 1661 5214 2108 6940 1578 8138 3900 4558 9657 6782 2885 7166 5774 4871 
29 2870 5944 4458 6748 4156 740 4969 3905 8728 4898 545 1405 2390 3585 6706 8498 4496 5154 599 3252 3999 7193 3309 3586 4927 4026 2400 518 7887 
29 2265 8432 896 2914 6481 8050 3420 9554 4031 3262 1182 8455 6192 8761 9570 9169 5003 4842 6199 2515 6662 2529 5575 3527 6920 7930 4699 4685 7234 
30 8598 1425 9459 4 8615 1787 8285 3904 3158 2654 4130 84 9179 9207 9299 2185 7836 9567 7350 8403 9234 9840 5088 6911 754 892 2706 2895 4712 6148 
28 78 476 1100 4050 3122 9494 9272 5105 9442 1849 7000 2262 5451 1029 8780 5643 302 7447 1649 201 5363 4426 5158 7770 4600 8928 845 7207 
28 1717 3169 3914 2815 158 941 3984 6550 925 5904 3392 4914 7990 1223 9716 86 3204 1073 3142 1324 9369 2865 3081 7332 426 7319 7854 419 
30 3440 2711 314 7918 2813 1614 5460 5542 9121 3587 4079 7942 6183 4612 782 4128 6365 3047 3109 8271 348 4216 8342 8127 9881 5864 2275 574 4345 5392 
27 9888 7984 5461 9139 8681 216 2687 8904 7670 2426 8337 1147 1914 3389 1927 9596 4202 6691 2361 8359 3577 1790 4337 6901 9615 6038 3952 
30 327 1764 2330 1014 3811 2201 7952 3001 4356 4004 8025 8008 567 5198 7973 5752 7378 7248 9487 2602 4928 2366 423 2483 2398 1937 4913 7852 1653 6906 
29 8220 3929 874 3953 1220 3049 3528 484 6559 1219 3794 3955 4599 4288 5191 6451 4800 4847 6792 7095 1513 9449 9623 3752 1958 390 3826 212 5453 
28 5014 8152 3201 2965 7721 8609 9186 8603 1516 8878 4456 4511 3061 1068 3301 1088 5989 9611 8397 1078 6420 1443 2376 7542 3668 7004 9802 3227 
29 8078 6319 3781 9515 9027 1412 3103 2728 5369 4785 5547 9862 8538 603 4157 2326 2740 9426 3822 9088 6605 6825 7967 9766 7791 9113 3074 5635 9914 
28 1813 8961 2263 3442 3283 6049 9395 7163 8588 5121 9035 6773 3543 2645 2970 9312 1225 744 6967 2696 4234 3990 5649 8770 573 448 6264 694 
27 9014 9447 4870 9286 979 1542 2950 6300 7304 7522 3515 2818 9845 6741 733 6758 3824 4023 3217 1703 1372 3219 3157 6573 3062 4419 1154 
28 4768 811 540 3845 5210 2838 7338 3678 3110 2178 8611 3705 6772 8990 8529 6302 3046 9901 5625 155 146 2553 4531 638 4274 3697 6974 2084 
27 577 9498 2715 2430 9773 7299 6817 1477 1680 9917 6814 2354 3003 751 2193 1828 7733 7143 5778 1026 8209 4485 8788 5527 3120 4940 3555 
27 5832 3856 1809 9076 2236 5433 8036 4885 6364 5533 322 6429 9411 8223 1047 2379 6195 9000 3509 3002 3706 8695 4619 3226 1697 4605 5921 
27 4466 698 598 1421 4001 4069 6212 6163 6015 1622 4101 3356 6878 8871 3939 2312 8900 4016 7507 1528 114 5728 7730 9030 7817 7921 8753 
30 9111 4759 5941 5185 9836 9629 4076 3573 4452 8483 1668 4782 258 8248 4161 7893 3102 5056 588 8233 4894 8662 890 7567 7287 1279 9613 5432 4635 6614 
27 7849 3076 5965 5855 2144 7203 7538 2536 565 9281 3670 1389 2033 7696 4148 5594 8158 8313 4763 5494 8275 9602 6335 121 5276 5513 3436 
26 7653 4433 2169 229 2439 8463 383 2280 1215 5497 5093 2225 4737 6802 5287 7476 463 1561 3561 876 88 2862 677 3589 4923 6804 
28 2717 816 336 9019 2212 7087 745 107 4889 9973 1708 2610 924 6399 3747 214 9209 2411 1058 6568 8881 4209 735 4061 730 5729 2968 8114 
29 6430 280 9743 665 7798 678 4096 1689 6361 2707 3166 8369 2370 9370 777 557 4177 8534 3056 9429 4781 6047 1019 1731 6339 5725 2716 5851 9204 
28 4065 1468 7516 60 1985 5522 5010 5802 9254 8628 822 3435 1262 6026 7172 9999 801 2362 1901 8664 1827 9364 6103 2095 8895 1559 7908 9895 
32 9049 2563 8927 6959 7309 6635 9079 7603 7430 5348 3151 141 4542 9760 8347 2416 189 643 5299 2110 2839 4357 3052 5203 1455 9539 7074 8994 9064 9968 2634 3232 
27 1566 4501 6778 2140 8063 605 1009 3037 194 4095 4047 3553 5259 7739 6742 3512 812 8671 5047 6131 2764 6909 2104 749 9164 5050 9192 
26 3511 7395 8872 7845 62 939 6615 2161 3086 1526 2502 8665 1761 8148 9830 5464 8291 1101 1722 5250 1297 7602 7738 2516 3381 2678 
26 8786 1896 8624 4200 397 5580 2194 6296 5068 4533 9222 9 6439 6106 1351 9509 1201 4203 364 5872 4366 8117 575 8317 4707 2367 
28 9106 7337 4099 4529 1907 8281 8718 9675 4264 2629 7983 1436 6024 2204 6904 112 5385 483 9269 3230 5922 6281 8811 8554 1115 1369 6235 5208 
27 1641 4794 1822 9428 5166 4015 3427 7045 391 6590 4658 3449 522 234 5730 649 6476 7283 1844 5961 6548 1974 4008 1975 3979 7322 7690 
28 8551 5388 5740 3694 6102 5066 5224 5323 9078 468 8794 1329 1919 3622 8137 713 7673 4780 646 9946 797 6771 9181 1682 547 4872 8151 511 
27 1141 9890 8835 5555 3149 4622 1604 6676 2680 4306 7875 4732 5282 7588 4351 2278 6953 8116 6827 154 3924 8456 3112 6490 8060 8353 2007 
30 5919 5798 8657 4766 9441 7871 5077 3932 2395 610 174 8004 4726 7032 5803 5782 1358 1382 9560 6326 4595 2871 9638 4613 8902 3510 3547 4680 2349 7936 
31 3353 8502 9942 8399 528 9304 5968 4408 8320 3619 6971 1883 1349 7771 8931 9655 4382 664 6629 3814 7994 8571 4649 3933 7905 9637 2976 8165 6755 3472 6202 
28 1386 2090 6664 1275 5612 7723 704 4350 5223 1427 9375 4519 3290 7549 4226 2979 6621 1973 1246 1850 5271 4772 9108 4733 2261 8830 4268 3444 
32 2805 2414 8386 5846 8710 915 2005 9408 1025 3836 1340 4348 1555 5397 54 3314 6601 1046 4637 3213 8519 3790 9401 6641 8557 897 6602 6431 6532 2189 5021 447 
29 6808 3827 1816 5031 1745 5416 7865 6859 9393 5133 2943 1988 7560 4919 8601 8597 2889 8847 5357 4686 7945 8430 8789 4510 20 9080 1891 4965 5738 
27 4974 3505 40 1776 163 6167 9939 2039 7847 4401 8335 683 2171 30 5971 4656 8480 4604 5893 6642 1658 10 9978 1396 1615 2969 9799 
30 1587 8039 328 2855 3316 3524 7383 6985 8572 901 8974 4204 8047 4379 7321 8140 4335 5880 6288 3621 7826 7821 9775 3469 1997 3661 9579 9687 9971 6179 
27 2038 6330 4122 26 7976 73 2608 7227 5887 3481 3431 2116 6719 8650 9588 3129 1376 5980 1757 1605 3358 9335 3859 8658 9358 5551 2504 
30 3256 7175 1192 273 7528 8937 5435 6369 8914 4325 4888 6672 2397 3584 5015 3401 2581 101 884 7133 3751 3178 3593 1031 7440 6011 8987 3161 4956 3634 
28 3831 3503 3268 1123 9489 8012 8478 3500 4520 9529 5309 6378 6915 5800 6220 4240 9551 8379 46 7749 6116 7073 441 3459 7810 6397 1313 1868 
27 5482 3775 4535 2323 1236 1342 425 8182 6860 8213 2122 2685 5306 8279 95 3343 5205 8643 9693 579 8126 7360 2626 6203 3962 950 3554 
28 1999 8183 3383 2012 3696 8594 134 1821 4640 8123 3925 8437 394 4074 5072 6223 4836 7628 3714 6803 786 7301 9620 9253 8559 8918 7654 1993 
28 1753 9417 4802 5333 5313 1138 9571 9240 4562 2243 4028 5137 8278 922 5067 4112 4310 1741 7783 7797 7657 1628 2383 5391 9894 3101 1268 4087 
27 3766 626 5553 9129 1217 7065 6764 4413 8309 3986 1915 5162 6063 7692 7898 650 7225 1335 5743 885 1318 8777 9134 3083 6955 3870 4678 
29 6042 8299 1060 7380 7724 8053 6767 1521 8264 4588 2955 7727 8144 5438 2617 4477 9387 6965 524 1400 7627 366 6694 5380 8520 2749 5507 7841 849 
27 5254 9288 4068 3373 1562 9540 0 4190 9126 8499 5701 8938 9279 1726 6786 2727 7292 3737 3789 5089 4569 18 8535 5459 8195 1106 2611 
29 1826 5801 9131 2736 5520 791 3486 7927 437 2552 7345 6882 6388 7962 5346 1221 2568 8119 3776 3976 6468 3725 5243 7857 1951 6169 4683 6639 697 
28 1965 2086 5938 5112 7579 8663 4183 3871 6750 8477 5311 4952 5974 8015 7831 1713 4740 325 4133 4208 269 6239 6260 4381 6358 2123 3901 7559 
29 7609 8205 5545 1417 2343 3733 5351 2744 4385 8476 9970 2052 7432 9739 7118 1885 1413 9794 64 8626 7634 8361 2089 6569 2211 2911 7934 4111 5638 
33 7674 4107 9460 4807 1140 7864 779 2775 8746 5157 6919 9499 5474 9839 7958 5847 7290 6100 6698 3799 1240 4451 5920 4333 9313 8287 8302 1728 253 8272 7593 5044 4361 
27 7584 1271 9224 7416 7147 5610 975 5084 2071 5036 8815 5890 9365 2428 9595 6726 7881 5733 272 410 2476 8179 7517 6495 3474 2952 8694 
31 2851 3198 2000 3302 2963 6563 1923 4597 9133 9798 8150 9363 1158 3846 3095 5994 2549 4839 6204 4752 5750 3428 2733 315 5140 2197 8002 6637 2143 655 9770 
30 962 2713 1285 6623 6973 8549 4903 7800 8506 2415 1269 7243 1002 8855 1879 844 169 3418 7129 8186 3255 5626 9472 7512 4681 8736 516 587 5029 6246 
28 4322 5097 7689 2228 1053 9678 7375 4524 266 2009 3548 5611 1847 9923 6837 8996 6050 2131 6957 3749 4462 8965 8203 4138 7741 6435 5562 592 
31 993 862 5136 5653 5462 3410 2768 7406 3090 7880 9338 2511 8224 3825 2935 7247 9334 5373 2951 6850 3125 424 807 1159 6592 8742 8567 7106 7726 7371 1212 
29 4071 8383 5156 130 6283 9708 6658 5457 6331 5070 4440 9216 8371 5504 4317 2287 3409 8196 8444 3788 7547 8863 7389 7714 344 2571 1105 9188 3386 
28 9988 3247 3312 1278 5724 2992 2770 4117 7745 5055 9368 2355 8384 559 3470 645 1732 2473 6896 5656 8344 2160 1112 856 641 5054 946 8314 
29 9155 7704 6416 4034 309 2057 1245 5302 5183 2799 2651 4882 5290 7740 2082 6670 9852 7353 7635 6685 2073 6158 6636 6593 2393 6667 371 5284 6575 
32 3363 3581 7235 5503 9257 4568 9635 3519 7026 8693 606 3604 7693 7651 6033 2188 7589 6996 9935 3437 7514 8269 4853 9965 469 3947 149 6356 4346 6821 265 8311 
27 2452 596 4318 9636 4152 6966 6299 4745 9854 8944 648 2539 6486 965 758 5037 6045 9875 9432 5745 2196 7600 1375 5196 8792 4881 7774 
26 4611 551 5910 9790 738 7467 6470 6567 2931 1825 2148 2014 1063 5827 6617 4654 8563 4159 8030 5981 4959 1305 3779 2789 1503 5033 
27 7995 1734 5483 5585 9097 4221 4083 597 360 8222 8722 7112 1719 8373 9674 7410 992 6333 6081 506 5709 3351 8660 937 7850 277 4901 
28 5057 4447 5113 8049 4250 1133 1592 7240 1317 2513 4443 8106 8020 6836 6450 4676 7081 5495 8496 658 7904 9486 4908 9633 4954 1136 503 7417 
29 5354 4066 8781 3278 6005 7176 8798 4672 5935 1207 9815 5000 6780 6176 3894 4230 7155 4541 705 9711 9373 8079 6501 3713 4196 8893 1916 2585 7215 
27 5777 1365 3763 1429 2801 3300 7768 8642 9260 6225 7645 55 1294 9547 6565 8333 2684 5103 176 6144 7895 983 6136 3451 1607 6969 8696 
26 9328 5008 5247 291 5783 8494 7960 8398 363 7328 8821 2235 6892 2077 5531 180 6900 3357 9245 1331 7998 3098 3938 31 2915 8631 
32 4760 1204 5475 3534 1751 4217 6177 1795 5499 9485 4205 2175 5659 9812 3315 529 4218 1530 6282 9630 6905 9779 8457 2455 2579 5624 8747 7991 8916 2291 764 5211 
29 4804 5030 5583 6857 8120 7151 6876 7327 9795 6162 1676 972 2808 6145 8352 9008 9673 3576 3376 9709 7041 8181 142 4176 948 7463 6068 1727 5204 
26 6507 5967 2003 3557 4030 2591 2322 7597 9919 4383 1321 8886 5786 3073 6146 6725 5431 8656 5892 4810 2284 4039 4905 2712 7926 9163 
28 3423 5467 7752 3612 4018 8992 7910 3651 2001 2286 2891 3124 5427 1451 9290 4727 1403 285 6736 2676 118 2669 5445 4450 7413 4895 5317 362 
27 820 1125 6655 1560 4195 8462 9439 1707 2846 2646 4178 8813 1972 5122 1664 6851 9471 8947 853 6401 5452 7220 7457 731 3985 9349 711 
30 1769 8698 2793 182 8971 8400 7699 6348 1243 2021 3715 257 384 5347 5063 8842 1409 6323 4557 5131 1563 5858 6196 3023 9022 4459 2501 2119 6842 2661 
28 5062 6668 8481 9128 2535 9915 703 5784 4758 8874 9818 7672 1371 7300 9844 245 14 9776 3539 657 959 3591 932 442 7280 8011 870 2791 
27 746 7297 6093 2399 1049 6912 1229 9745 3341 615 199 2913 3686 947 4815 9659 5186 1823 9125 6913 8411 9348 3800 5344 5734 2814 2719 
29 2672 5837 5245 1186 3476 1890 785 9229 4589 8289 9067 1069 8605 3269 533 1114 4149 2087 4359 2449 8212 5663 1481 3910 6251 2942 9388 8265 5707 
29 2182 8125 7020 8714 5671 6427 435 1354 2892 413 4127 3131 8775 3942 693 4113 3113 1656 5605 562 5339 2566 3438 8043 1634 7435 2925 3188 3748 
29 4119 2698 227 446 7552 1380 2840 679 6218 230 3379 9089 5661 9311 7043 9060 8908 514 5614 6938 2112 2081 1107 5381 9020 4682 5280 8360 9418 
28 8424 3482 2459 7543 8108 456 8553 1810 5425 9921 6582 6213 4986 9902 2015 3499 1013 7943 1729 2277 3200 4155 5702 6709 4981 6161 7066 5674 
27 4141 6154 4717 8074 9777 1300 4358 8005 2960 7330 3797 1742 3011 7298 5947 96 5013 3419 608 3397 5753 4265 6688 7164 4762 3868 4821 
27 558 4392 6117 9416 4697 8726 3170 3215 4792 9720 6999 7846 918 9091 6048 8960 7585 631 2127 2180 4537 963 814 8782 2067 6240 1298 
27 6669 7574 3867 9627 4393 8410 1127 2132 5314 642 2720 3251 382 2251 4125 1336 8016 3337 3843 6679 8763 4255 3649 5926 8743 5930 2254 
28 3384 553 968 4834 2519 4703 3480 6523 392 4497 8413 8666 2500 264 2462 6628 7578 2460 454 867 9210 7619 5677 8247 2572 5859 3580 7460 
27 3877 2785 4219 357 8250 4307 3520 1193 2835 4435 4002 1962 6591 7271 8599 5573 8156 1230 8612 1814 2588 9813 7644 5261 6074 9841 2451 
28 9282 6497 5881 9190 4639 4137 8389 8876 2061 6989 2382 7809 6483 2324 7795 9427 2929 1426 8086 1984 5364 9680 2434 8672 860 5591 9724 9700 
29 6424 2607 4169 3698 7109 1644 4636 9955 9182 943 6690 2735 8294 5417 2903 210 9616 6714 1581 500 3666 2958 6852 8104 37 8749 3607 3202 7886 
32 9321 7901 5756 8870 89 4937 3306 2555 7668 5596 6215 739 1011 9029 8448 8332 5265 9609 6644 6334 3184 3880 976 5929 1041 5319 8648 235 4412 467 1327 9827 
31 7914 7229 1424 8654 7183 6363 9033 6123 4323 1012 9949 5508 5480 7404 6508 4862 6846 2130 9046 9465 2592 1940 6923 9318 823 4369 4973 166 6404 2386 1508 
30 4960 8595 3119 1348 8080 6046 4480 8162 2024 3091 3203 848 3545 452 4284 6143 2671 4207 3869 4946 6443 864 7 7092 11 7523 5386 8225 283 6632 
28 5046 1364 2304 7232 3275 590 7777 5176 5879 2725 8857 239 4578 48 6166 6376 762 100 7083 495 9333 316 9291 2691 8244 9383 3857 7756 
30 7782 8669 8170 502 3259 5436 7719 5228 9437 6584 5382 2011 7525 5411 7344 4167 2256 3895 7217 1286 8705 4220 7451 9496 1841 3943 7090 8941 1665 2980 
27 9215 9826 7060 4926 1515 8933 6389 4341 6872 1899 8536 5874 8007 9931 1571 3928 7563 1180 5722 8719 7445 4790 2269 9947 2008 7978 2103 
29 175 6982 5903 7636 6756 5005 1042 6752 6854 3654 6084 3280 2325 5689 7860 475 4434 9469 6249 8973 6132 7391 9691 3084 6717 2088 2059 9431 3818 
28 6423 6347 9592 5148 4314 5022 7110 4145 5429 2760 7068 9466 9118 4761 5356 5790 3820 5340 8817 1945 723 732 7281 6308 2041 9786 5227 6491 
26 9872 405 4327 8234 6242 33 3243 3130 2028 560 3631 6612 5230 369 379 3359 5655 3600 5888 4075 1633 8343 4811 1270 3159 1596 
26 7828 2351 3560 9397 5126 9055 8620 4465 9149 9548 8976 7941 3771 1853 6432 9295 2886 4439 6514 8382 8388 8690 9582 2345 5928 6865 
26 8315 1893 2769 3177 5654 8375 996 2281 5045 1861 3127 861 512 2527 1169 2899 4911 9009 668 242 4296 7505 77 2737 5002 1651 
26 3709 4166 3762 294 8381 3513 720 5763 7503 310 2314 6716 6072 5758 5541 4534 2596 7956 6126 5776 1337 6325 5937 769 6564 1648 
29 2993 6001 6474 7116 9258 9504 4282 4185 1971 8147 2412 2878 406 7130 3786 9050 5252 5060 9518 4711 4744 6903 9167 7342 486 5747 9438 6587 519 
27 8097 9662 7979 5751 5448 6280 964 4003 6847 6171 6434 4295 8334 8621 1122 5248 9174 4653 1356 5814 5932 3352 1981 8750 1991 8964 1363 
27 6950 8366 9735 8701 784 5916 1411 2303 7812 8894 9793 5768 7620 4371 7018 8999 5810 4389 8800 4668 8163 8852 4108 717 4380 1928 3006 
28 13 8653 7458 6275 7249 2298 1299 6186 9270 6609 4032 1920 4583 7077 9877 6807 3960 2270 4499 7446 5607 1782 4336 9034 2938 3583 1473 7187 
27 654 3128 1558 5797 3783 9892 3777 525 6918 7377 2121 2560 3137 3567 1156 2988 6193 7535 4563 2162 3838 1209 6153 9293 8619 7315 5517 
29 666 3665 2524 4006 1210 1095 8737 1149 6675 8325 9127 9964 237 3393 1137 2206 7221 7425 2974 7685 3115 8738 7197 2063 5985 6377 3218 3913 6576 
28 3387 9166 8327 3380 2138 4975 662 36 1532 995 5818 4092 909 4160 5202 3886 3571 1910 2580 935 5143 5558 2926 8712 4947 287 6810 9346 
28 9601 8504 5115 4386 9721 9989 2266 1603 3388 168 7466 644 1934 1352 1706 5978 9513 6712 9316 4846 1755 7263 5085 5560 2203 796 7997 2296 
28 9714 7794 1842 2557 9052 3898 408 9477 4315 7046 1096 6318 8769 6187 9959 3463 1496 5040 2660 2022 7971 1155 6254 1061 9788 3652 8771 6806 
27 6021 6597 7698 7279 9761 9856 8679 685 1301 3743 6707 907 8925 2342 4756 2425 5415 7070 7255 9206 7933 3995 5764 6447 5374 7194 2630 
27 1572 8468 3921 9384 1659 3881 7872 6562 5769 6097 4489 6651 4132 1621 6156 5378 9103 7127 3964 7920 9722 3257 9886 2094 4695 8640 2217 
30 8849 1492 8592 702 2244 4455 5020 7870 7489 1759 110 3608 636 2004 4748 9453 5546 6768 3408 2272 4554 9684 520 880 1108 859 5466 1071 2556 9969 
30 6392 1595 6928 1422 2747 515 9223 2674 2601 4997 1643 8943 359 600 6006 8490 4146 6104 842 4826 3012 162 4449 3841 9170 1474 5650 1638 1954 6014 
28 7324 4338 7890 9454 9322 1996 4251 7755 6711 9110 5405 3094 6291 1830 6111 4522 4070 8056 6270 6095 4816 3655 4721 4936 9045 637 2530 3504 
28 4049 1191 2693 7295 8072 236 5138 3882 472 718 4019 5281 4601 5048 2010 8283 461 6958 8692 1284 767 8853 2360 1594 6013 6673 1350 1635 
28 526 5130 68 3598 3164 1373 1865 743 7835 5951 778 7989 3759 8254 3978 7676 5773 2941 9199 9298 4427 8838 9074 8197 5430 3931 1399 3642 
27 701 1035 2037 6313 9165 690 4550 7869 4262 9545 6813 387 2973 6418 5095 8975 5399 2259 2458 2159 6101 3542 8606 4877 9774 2901 9784 
27 9561 7787 3919 2841 7149 7347 2853 2542 3813 8573 7830 799 8807 8610 2043 716 3007 9746 1384 1843 2784 4042 4517 5918 8187 9838 6051 
27 8099 159 6258 5298 3680 1093 8239 8256 5843 7209 1867 334 7237 4713 2348 8031 6384 5098 9530 7550 151 4912 1874 6916 378 6157 1990 
27 3145 9445 7173 2916 1964 8884 2609 5556 2525 3683 8215 2044 6908 7882 9598 4610 2333 2045 7825 4154 9605 2302 4407 5398 8774 2582 9604 
29 4473 8267 7439 8745 3702 6766 7201 4089 9853 871 5906 8284 5428 7242 8338 9757 8028 2229 9730 6064 8930 1663 4463 464 4666 891 3092 6776 9873 
29 3155 2765 8969 1860 5668 2633 7842 7117 8249 5821 5749 4374 2548 9280 178 3888 6607 1789 8107 6777 6004 2486 8157 2392 6499 5813 624 9403 9941 
27 5955 2202 5632 1631 6452 9356 3854 3195 4247 2558 8253 2705 7623 6448 5924 5199 6494 3031 5061 7819 4173 5155 4593 9208 9452 6598 8465 
29 9340 1539 8134 7253 404 5251 7637 4828 8828 409 2595 6820 8159 609 1308 9325 7737 985 9017 5458 1334 7017 8451 6 8018 5526 7764 9918 3708 
30 9211 3632 457 3333 9073 1855 2221 1784 3465 5510 6188 6574 9116 6811 2657 6696 7515 5295 5498 5986 5179 5321 5684 6089 9450 3045 5549 4592 7537 3531 
28 6197 9718 5794 4607 7667 9909 7369 4194 431 6412 9593 6948 4602 7171 4750 3193 3473 8054 3792 8173 6467 3688 634 9563 8596 1211 4418 2338 
28 4616 3628 8919 5109 5680 6464 2644 190 204 1074 3606 4689 3879 4417 5943 6170 505 6110 6020 1438 9402 7465 4999 978 5950 5481 8479 6441 
26 1938 9957 1520 8273 4573 2391 1657 4055 3508 7275 2699 1544 5027 6350 3971 9653 6853 97 5623 4024 2025 9025 1404 4561 8132 2480 
27 8995 8394 108 1175 8277 2677 4298 6409 8848 5343 833 8824 2686 8883 6540 9011 1161 2702 3475 9834 4342 3559 5173 9001 7261 5698 7471 
27 8546 5608 6936 82 3238 8754 9622 22 7455 7767 2948 3839 7682 278 2757 1537 5554 6394 4508 6290 1086 1877 3354 2357 5621 6390 4789 
28 5552 7566 5476 8324 7519 4082 9329 6112 1306 2843 5366 8889 5770 9278 8109 2060 1456 5806 3371 7963 8048 206 4409 5091 6833 1446 578 8887 
26 6975 726 8261 6520 6551 7393 5878 4577 4040 353 8604 7150 6208 8095 8614 3594 9239 5165 9132 8010 7048 1834 3993 9505 7178 6090 
29 2823 2996 9791 1066 2293 3455 1612 3079 3934 1120 5514 1228 6098 9501 2424 3684 903 6946 1471 1116 3787 9176 6981 1580 7152 7731 3349 5915 7907 
28 1817 6578 8890 8530 5058 2574 902 4229 8988 5501 7766 4179 1102 1507 318 3837 8321 7027 19 8021 137 9063 1869 9962 4224 2807 8268 4300 
29 8085 2198 6461 4808 1909 9130 1016 2058 8831 6874 6230 6268 6914 7188 331 5808 1517 1736 3596 490 9944 3296 3053 5039 5294 5711 7089 8514 2497 
28 8057 3704 2069 544 6459 7769 3242 9986 1767 3254 6138 1585 7157 3568 7431 6134 2216 2133 6788 1332 4041 2199 6769 7154 6012 6626 7655 3810 
29 2636 9213 7120 3844 9907 5693 1238 3182 9851 5355 7761 6927 2124 5024 5840 2666 3344 4623 4299 9511 6247 9357 2875 6659 79 6988 1678 6656 969 
29 7822 846 1036 4966 4084 1794 8727 6286 2403 9274 3336 7753 6085 3807 153 7564 7803 7823 4399 5697 3809 458 3526 3224 5402 2510 2268 3872 1864 
27 7148 7487 2755 4976 2106 2337 9781 7876 1045 7838 7884 5606 9326 8759 9140 8336 1216 2827 5620 7274 4403 3163 9277 1762 3308 6332 5681 
29 4852 9443 4773 1037 9966 9754 4181 3114 150 4938 6472 1226 9857 3310 1091 5820 2372 3574 7189 8537 763 7599 2240 4036 5337 9759 2523 1540 8932 
27 7613 7096 5134 8833 6211 8865 8488 8000 3675 7305 6224 5289 5579 8436 8926 8860 9419 2321 4861 3140 7145 8905 7354 4271 5471 3404 5470 
27 8644 8406 3679 9150 9462 675 5376 2179 4272 6893 3273 7370 8142 2837 5646 9525 7003 3690 7780 2628 7736 1912 9221 8533 6305 9573 1315 
30 2378 2847 9756 5516 4718 5744 1804 2433 1871 7135 70 3490 8435 1146 6321 9400 2364 5389 244 6043 1251 1570 9950 5009 9805 8880 9003 1345 3021 3082 
30 3075 1752 7569 7402 7922 1059 8439 1165 5670 1735 5757 4363 8260 741 5080 9261 3801 5775 8707 3378 9005 6984 4245 9610 8929 889 5787 1027 2016 7326 
26 3562 9850 9804 1554 1462 682 4048 8541 4559 5175 7009 1952 2800 920 6226 6079 9156 5468 1273 8729 9205 2778 1333 2907 8412 4625 
27 601 474 6992 9042 9484 4553 7464 9350 9425 3487 4140 3055 7443 2576 4633 6462 2695 5236 8300 9532 4007 757 1311 5629 7788 3072 7568 
30 1472 6557 1556 1407 2350 6444 15 2622 4809 2562 9737 3330 911 9287 831 361 9119 6403 303 8491 2192 1157 6391 8427 2072 7125 3041 3958 2957 7502 
29 4661 7382 9591 2604 961 5713 8500 209 4880 6160 2509 9728 7596 9158 143 7491 3370 222 440 4618 2023 3270 7169 5225 9082 9710 8228 8945 3375 
28 9284 5557 736 2145 8237 4053 6437 7142 6572 332 5327 39 7007 9736 1353 2475 8210 4085 2700 6589 6107 8923 1328 4320 3196 7856 282 5561 
27 9435 2496 7894 9899 9590 4730 117 8783 7815 8734 5118 9185 7493 6743 6930 8310 7510 148 944 3338 7659 1716 9143 8582 6496 2561 75 
26 8090 7511 2482 9817 1681 5368 8365 74 5523 4062 6648 4835 8066 7725 4340 2564 2173 6839 7403 1077 3221 2729 3727 6041 5489 7555 
28 5524 7946 8717 2578 1588 9803 5296 987 1872 8808 9780 3721 5600 3700 4669 4538 7210 9480 4987 4491 1949 9649 349 4490 7156 6722 8768 6164 
28 152 6720 6961 9974 5682 6128 2797 1679 7190 7925 8505 7554 9068 5833 585 8190 6518 9587 9922 9644 8064 3538 6917 6907 8068 6184 119 9837 
28 9440 2583 5997 5456 304 7408 8111 7561 5975 4833 9332 527 6728 6749 5540 388 2200 7103 8198 7160 7254 9013 9508 4105 6360 3030 2879 233 
28 6603 4236 2469 9520 908 5201 8673 9327 5856 7284 8907 1044 1929 58 5718 7558 381 1845 591 4876 7034 8951 5341 3998 8846 9723 5178 7260 
30 7427 2163 2241 5213 7982 4715 2664 4567 5925 800 8042 3105 5699 2276 6735 1494 6362 8867 1654 2453 7241 6373 5449 5300 2250 6784 2544 3305 3422 900 
27 8407 6062 4957 4784 792 8328 2247 1310 3850 2928 1320 2589 6375 1488 7999 8921 9195 5283 6109 9569 1686 8810 806 7951 5844 8092 7899 
29 3611 4246 3099 2930 5867 7751 8322 1307 5238 5983 9821 2852 7663 9217 3180 2631 3552 5246 9473 742 7940 1072 9948 4416 5110 5559 3289 2380 5240 
27 9688 9136 4803 8613 2873 971 7896 9954 2802 7928 9372 7509 9177 5477 7212 2653 2447 4498 7366 1987 7594 1669 692 7386 2999 4586 6730 
28 1577 6770 3640 9669 3186 5167 6744 3532 7484 3484 3298 5852 6406 3063 6968 6724 1684 761 8340 3980 9879 5120 2990 2779 9423 8784 6546 5723 
25 9742 2803 2042 2013 1282 4387 5401 9153 1290 4375 8752 9824 1636 1832 1117 2128 847 2787 8071 6774 2953 566 103 6960 8816 
26 2766 4390 5153 1024 5 3335 7541 5434 6263 7776 7059 6646 3646 2006 1391 5331 7208 776 4445 5358 5180 2065 192 7214 4674 7153 
28 7633 9248 1590 9612 4126 171 2154 674 8262 4292 4223 3020 249 6457 9355 7888 7500 8082 535 8570 7686 5437 1811 4746 7050 1184 7165 4329 
27 445 5939 9732 4400 9549 3033 7513 106 5704 5413 4988 2842 5132 7587 3250 4033 3293 5463 8524 921 9331 6986 8685 9285 8776 4058 4771 
27 660 4989 3866 9772 589 1904 7405 5900 5189 9910 2647 3134 6829 6414 3961 6306 3231 9641 5094 4920 9259 9903 640 6818 1967 6269 9481 
29 2091 5233 6888 429 1505 7980 4694 6686 4193 8655 1419 2040 7429 2463 1892 2741 635 414 5841 1379 8825 4308 3521 4319 5819 6783 145 8548 6121 
27 3236 4632 8699 5086 795 2301 8968 6738 4370 5597 2857 3284 3317 2615 5842 3662 7932 8587 6964 3342 8806 2190 661 4297 7677 4512 8351 
30 7662 4494 5934 9646 2614 6869 1760 8569 9880 5090 2055 4687 3454 6809 8675 1535 4700 4570 9671 370 6035 5979 1362 6560 3687 6059 8501 8298 9410 8636 
26 5370 6683 5128 2051 6580 851 8263 9339 5023 4921 67 954 914 6594 2485 9647 9867 5362 8059 2575 5589 6631 9353 8218 951 6133 
31 1466 9960 6425 6765 4415 3009 6255 6411 1898 2064 5568 7036 1395 3834 4546 2730 1504 6380 7912 5393 7632 6381 7565 1687 6702 3729 7705 4580 5667 6650 5107 
28 7937 7539 8733 4476 4677 6816 9394 7356 670 9835 5096 5963 8956 9455 7167 2508 2697 3088 8839 5923 6937 2210 5719 5582 6159 7123 7747 5987 
27 1109 4922 9470 5377 3907 4627 7349 243 1545 5793 9502 7340 428 4943 8200 7437 4865 8304 9294 2861 3523 9101 8058 8164 3467 6680 7492 
29 5160 1130 34 9811 7790 1740 8201 8741 9220 9634 9562 6460 916 1744 866 5695 3535 2521 5572 3965 4029 5992 7486 4664 5805 1464 1672 6732 8395 
30 570 3288 8903 5129 7986 8966 6304 5125 8251 358 2909 9654 4147 4090 2981 9283 2290 8171 3549 4863 2605 7113 712 1017 4631 4702 6762 7772 1367 6627 
31 2830 3720 2890 8297 9385 1608 4655 1276 7988 8518 1326 6697 5811 8661 9792 1401 8362 7758 4059 4648 307 7051 4528 1208 6355 6317 1815 9863 7246 2532 7021 
25 5465 1062 1756 3671 8178 3625 6236 1259 83 4212 6684 4199 3753 407 1224 248 6505 3915 5004 6517 6273 6076 6506 5257 5988 
27 1599 352 6250 6620 443 930 7028 3821 7401 7816 6862 1948 6044 9707 802 2945 1231 7373 6700 542 9514 4850 6201 9778 7008 4339 7272 
29 3902 6956 1339 563 7351 3323 5883 4231 80 8517 1602 878 5249 1126 6129 6873 9421 4970 6124 8608 347 5762 8485 7128 5660 6415 5372 7422 4964 
26 3265 9200 2135 2701 5683 2242 5862 7661 6705 1292 3246 4851 2872 4838 8155 2029 6682 2172 8676 898 9342 8708 8061 5948 1946 4644 
28 6227 8246 7011 8083 375 2053 3297 8645 6473 4638 5064 4873 2877 8094 9024 7196 4509 1702 4301 8301 5328 6316 809 4411 9535 2985 4014 5885 
29 929 90 3656 1818 2048 2358 8257 3040 8235 3176 5509 1889 4100 1490 2817 7656 5485 1645 9626 3000 9114 4324 7490 1714 1227 4518 6189 1235 8799 
28 3782 523 9522 2573 7575 4867 9585 9648 8377 3304 8131 9412 5291 5108 9381 982 2466 1848 8420 5799 9566 7269 6723 9661 1237 7223 5216 2406 
29 482 94 6200 2554 6168 2253 5949 813 7239 250 2541 7390 1749 3494 8691 4743 7310 5627 4453 7964 5641 9541 8428 6139 5615 7858 7002 8583 202 
30 4753 5325 3972 3339 8906 1575 4948 5759 5053 3320 3546 9092 1176 8509 1249 4934 4054 4706 7093 3485 7716 1355 5710 7987 2884 3111 509 1601 6149 819 
29 9488 8184 7448 5721 8356 4777 8651 2673 1302 9531 8358 5964 8844 2811 7586 6545 4232 4406 8429 5602 6525 3413 9972 2079 7618 9542 3719 1851 9527 
27 207 2864 350 1758 949 2710 1998 3544 290 5322 9526 7355 832 4448 7238 9323 912 1743 3550 4932 8252 8084 6002 5548 3345 7885 7540 
26 5262 8207 7219 627 8293 7605 1258 5278 1694 1460 9906 8185 8135 3639 1195 8259 6469 7067 4939 3307 8632 8955 2731 1010 8240 8629 
26 8579 7708 9984 4144 7286 8791 1194 8316 8122 3407 6178 7001 7346 669 9214 6466 5708 5421 9574 6801 3498 6797 1543 3207 2670 9643 
26 8724 2335 422 6421 8634 308 9324 5142 7037 7334 5332 6757 3896 4955 1781 905 3414 6023 7444 1953 5234 8802 8219 3173 6371 1099 
29 750 8472 6482 5696 6237 4933 3443 1222 794 111 9976 9908 9051 3849 6945 2739 6611 6353 1931 6528 3029 4073 7562 6541 3848 6828 8731 8037 8180 
27 138 188 5598 1239 2018 5512 1304 6256 1166 1303 5691 1936 9712 9564 5567 6487 1806 7325 7669 1699 2443 5101 4688 8953 5789 6663 4916 
29 7132 9360 6245 2836 5237 1442 6278 6027 6395 8154 974 7336 7531 2606 6337 3175 3458 7365 4305 508 1696 8531 9198 1374 1378 196 6028 4866 5065 
28 6638 8568 8566 2860 2126 8924 4395 530 9733 7291 9012 4869 9833 805 2540 5642 1950 3276 2598 9519 2363 7799 6053 3214 1820 7174 4097 6787 
30 9246 1831 4996 5815 4151 4227 5052 3858 9084 4110 3742 3507 9303 863 4368 1457 3599 4094 7064 4786 8452 2934 186 6040 2533 6654 501 1150 9860 8618 
29 9543 9764 810 2933 3735 9263 1441 4673 8581 2624 4163 7863 5830 6114 5220 815 1057 255 3754 2726 5194 433 4121 8045 9924 843 6094 1551 2149 
28 9858 8730 6819 9378 9751 7715 6341 2531 7748 1897 135 9482 2316 3199 9796 9823 4244 3885 5078 1432 6733 9193 5686 8845 6303 4890 8216 1921 
28 4398 2381 3630 9699 5207 931 6794 3644 7981 1028 8593 4504 6510 8038 7702 8578 5741 5816 9083 1569 5544 7339 1277 2962 5569 7861 6942 9138 
28 1030 9589 4909 6113 5051 1055 6244 6436 4831 4652 2924 4344 7712 7948 8124 5479 4596 6759 6087 2641 8888 2437 4705 3588 9698 7631 4235 8909 
30 724 3025 5206 5865 9559 7679 5857 9315 499 4575 6630 9056 881 1960 7025 6398 611 4693 2975 8230 7504 7420 4849 1018 195 44 5215 5618 6217 2681 
34 8372 5703 4543 1437 5952 3460 450 5942 4917 5244 1715 7158 2637 2794 356 8511 2474 1034 1280 213 4845 7834 8041 4886 9843 1514 5011 2732 2927 3710 3138 3106 8898 1445 
30 7545 3181 7014 7230 5574 2166 6731 185 1167 4521 313 7122 2120 2408 2743 895 9122 6861 9624 2625 3372 1478 1586 2109 399 1509 1288 6498 4364 4171 
28 671 6897 2777 4896 3405 3667 3556 4874 4432 6185 9087 3563 4410 989 8550 6653 7829 1623 4086 5630 8069 3864 7139 737 7107 8236 1484 6835 
26 4077 4057 4311 421 8954 2918 4487 3802 7062 6287 1695 6665 337 7681 1886 5899 9676 6558 9275 1859 459 9069 7970 9586 788 2134 
27 8453 3452 1067 16 5082 6622 883 793 5119 38 7785 8686 2413 2369 1819 830 5123 6875 7506 6070 1989 6799 5946 8146 2904 9650 4875 
30 4662 3496 8513 4239 7161 4009 7488 184 5406 4174 7743 4844 8861 7104 8560 5577 4129 5688 8367 8208 4731 1922 3626 6241 808 3369 12 6442 5042 9958 
27 5147 6931 6925 1178 3292 1131 93 8076 1797 1688 4290 4696 9081 5716 2283 9734 211 7040 7495 5871 5518 1546 651 480 5375 2267 7534 
28 6845 377 9104 9951 7449 6556 6105 7296 1802 5071 7091 4582 2900 1642 5075 3525 5187 9981 7168 5807 8521 4267 6077 1626 9041 9463 5361 3399 
32 8561 1187 4754 271 1862 3518 5308 6322 8957 9235 9495 6328 893 4281 4021 1935 5073 7557 7615 6492 803 8396 9749 4606 7140 3578 7666 1281 6929 5092 4897 1177 
29 6891 4303 4944 5310 9980 7607 402 7592 3234 2320 8245 4428 6060 2893 66 6180 299 478 7582 5788 6536 4484 6899 9953 7604 5032 3279 6279 4131 
29 3233 5535 7397 3643 1863 2049 6485 2642 5639 4457 4929 8862 3817 9651 3812 2845 3616 2111 1780 4742 4806 7137 6840 1005 1347 2311 2385 9645 7911 
28 5673 9740 5529 7084 6718 970 3439 8812 9308 9173 1618 1144 3974 7146 3677 2224 9717 1625 8525 7571 7862 4848 6619 251 9347 9071 869 7917 
27 957 3210 8565 659 6681 5360 7598 7916 6824 7131 8189 9043 7114 7033 4549 4164 2246 342 7814 7913 9789 6751 6832 4437 7424 8096 7264 
