2 0 23 
2 33 93 
2 116 61 
9 167 281 265 106 12 196 280 229 211 
2 180 101 
2 212 141 
9 108 214 155 192 215 30 186 240 274 
2 164 3 
2 184 163 
2 87 190 
4 99 14 189 165 
2 103 209 
2 110 191 
2 85 119 
2 249 219 
2 296 114 
2 88 223 
2 72 27 
2 4 68 
2 8 237 
2 162 283 
2 80 112 
2 159 70 
2 203 140 
3 7 202 153 
2 259 98 
4 134 64 233 9 
2 75 287 
2 246 86 
2 276 201 
2 148 207 
6 286 241 228 262 94 183 
2 299 111 
2 294 22 
4 24 204 256 293 
2 220 73 
5 210 40 71 126 135 
3 136 121 257 
2 133 298 
2 62 253 
4 161 122 69 130 
2 137 76 
2 127 48 
2 13 89 
2 260 138 
2 92 131 
5 58 284 251 272 247 
2 150 235 
2 74 177 
2 285 35 
5 193 172 154 97 52 
2 95 117 
2 213 31 
2 227 268 
2 225 16 
2 18 6 
2 290 295 
4 56 244 47 178 
2 218 243 
2 15 181 
2 125 170 
2 273 236 
3 171 254 149 
2 144 10 
2 187 42 
2 57 5 
2 261 195 
2 63 20 
4 107 185 123 132 
3 105 26 175 
4 263 239 143 151 
2 38 197 
2 245 291 
2 267 25 
2 156 205 
2 226 199 
2 198 81 
2 19 147 
4 44 222 1 2 
5 60 28 297 231 208 
2 200 258 
3 129 146 37 
2 96 139 
2 79 11 
2 232 118 
2 21 109 
2 188 90 
2 282 45 
2 166 269 
2 32 124 
8 113 29 78 142 120 206 270 84 
2 53 83 
3 91 271 278 
3 224 157 77 
2 39 160 
2 277 158 
4 230 217 279 49 
2 102 248 
3 128 82 173 
3 174 50 169 
