9 84 3640 9252 8821 4960 3897 8253 7527 7049 
16 88 7114 531 6024 2207 636 1695 3809 8206 3423 4444 4313 1868 5949 9387 7766 
37 187 8630 6058 1054 7666 3462 168 4153 3947 3866 5663 9144 3717 3368 9104 6710 150 1223 6029 984 645 161 6013 4879 9248 2174 3997 1045 8928 3799 4667 7793 4070 5492 9601 9451 5174 
38 311 7372 3426 5748 4255 8254 8198 3403 3632 9030 9890 326 9769 8637 4410 9634 989 977 8155 3949 380 9975 9381 5134 1850 9630 1597 877 4517 4925 1706 9373 7485 7079 2287 8327 6750 6439 
24 423 1170 2717 4965 5076 130 1790 688 1572 7302 2433 7420 1131 5618 8393 3162 480 7888 1594 491 4077 4728 3035 1439 
31 474 6662 601 6360 7580 8521 6003 7193 5579 9912 30 5901 1960 3154 4093 1357 1749 3178 7703 3177 4576 1103 7765 7954 637 16 2113 2185 1958 6433 9906 
21 549 1689 2753 821 4477 5062 8705 1402 5122 3266 3841 973 2027 3297 6621 8222 4759 3712 4506 472 8350 
21 563 6630 8072 8551 3443 9114 3123 9758 5986 2231 5396 2936 6282 7023 7623 8983 9294 6300 4308 2019 8377 
22 568 5727 6255 7236 615 5285 95 5541 318 7174 2577 5088 7309 8864 5329 5583 2535 1042 8679 4998 9773 2172 
28 606 7129 9375 1215 9466 9101 2395 7805 4623 6106 1800 1428 4590 5911 999 4265 8532 1163 3788 3670 8461 2403 647 7306 7780 2070 9986 5891 
18 672 7810 6951 3129 9804 5495 8995 9833 4415 1871 7091 9462 1050 9902 5870 6591 5294 6191 
22 677 1637 1647 6809 6272 1862 1101 3646 4744 8819 1604 8432 7598 2336 7752 1713 9600 2170 8089 7166 3042 3408 
30 700 739 3058 3666 4137 208 9492 4403 7642 1947 3476 1012 5278 2218 238 6542 2189 1253 8813 1941 7072 1919 1126 3084 4545 5834 2318 2998 962 2658 
24 713 8021 9265 4792 8652 3901 8237 202 8475 1933 7285 2254 7995 2378 8002 5261 858 6553 7027 1157 9502 9266 5224 2677 
37 719 6536 9633 2455 718 5158 5054 3993 5622 2270 1943 1048 8798 1787 6140 774 4460 171 6025 7351 9870 1782 7418 6027 6572 5607 287 9995 2328 9279 860 822 5460 3987 443 8137 4268 
22 768 6745 5815 6805 8413 6386 8288 5301 4272 5785 9739 8567 7551 6224 6037 2120 7431 6688 4808 7228 1652 8069 
15 769 4693 5562 1590 5167 8387 4614 9506 9047 6489 8230 6631 8363 2411 3380 
33 1066 19 9011 9951 2731 4396 2352 3114 2654 1168 7301 1937 7659 7750 8261 5999 3121 8590 6116 7402 5561 9732 2868 2655 5277 6646 2723 8356 1366 8507 5812 5361 9677 
31 1097 9405 7683 7255 4957 4658 6645 4990 993 9928 9809 876 1716 9790 4038 4219 6325 8317 8050 9605 9367 6549 5200 5185 8908 8891 1935 7748 6585 9860 1569 
34 1105 6409 5017 4558 4202 1904 3585 9002 3370 4938 1474 5169 2760 9407 6167 3011 6862 1314 260 1291 3805 6949 5275 6524 44 393 6723 593 7469 7669 8503 2456 4332 5631 
18 1178 9636 5829 135 7637 2981 3592 5005 3159 1034 1763 411 6394 5024 2610 2280 3984 144 
21 1209 6849 1846 7342 1062 2314 7940 6339 8593 7871 3379 5921 344 4182 9398 2750 3964 251 8865 3724 8921 
24 1273 3575 3807 3036 1102 8379 1942 9789 5527 9994 3328 5026 714 4235 6682 7538 7330 798 1021 3652 6088 9818 6073 9227 
21 1305 2424 7554 1564 9680 7668 3191 2077 9738 8367 3435 364 6687 87 6586 3678 3100 648 6958 7881 2544 
20 1315 6502 9613 511 6023 2385 1511 9075 6247 3790 2308 3187 3889 1122 8577 4229 7437 2103 4354 3611 
23 1515 7913 3468 5400 9228 8023 929 2829 1891 3221 6897 5002 3747 3395 3244 6869 1249 5215 9445 4215 3280 3705 5501 
31 1543 3276 935 2551 4724 7048 6121 847 6306 6047 3473 6552 4903 3130 6975 9212 6174 4097 8252 5930 3318 3695 5946 5788 8269 5673 1231 5431 6051 5876 3562 
26 1560 8736 7086 2992 7567 1792 1627 9657 7246 9118 3122 6248 9319 5582 7454 613 9245 8358 5924 4504 6468 2339 176 4273 7069 5173 
36 1757 7064 2681 5189 6307 6804 2566 1363 9320 2118 5996 7108 9639 5569 5372 7843 7231 9351 5364 1308 8242 8049 809 9295 787 1894 5912 246 8707 204 7269 4918 4611 9850 4140 1559 
25 1867 7116 6966 3366 2673 1436 5915 5878 1448 5016 8745 9651 7960 1548 7893 1990 2811 7593 9069 6341 8866 5252 5731 2843 2819 
22 1992 9996 4872 3524 4989 6056 7305 862 9376 4632 8335 6827 5590 4917 1704 9587 9529 407 8635 6028 5248 398 
23 2015 2401 3024 4629 1721 2882 4942 8415 1999 1125 4237 4626 3503 5114 9982 6295 5938 620 2970 2211 9371 2608 4047 
21 2135 9935 8665 1745 886 3930 193 6067 2164 7271 894 5739 8015 5416 2367 3881 9760 6005 349 2492 8210 
15 2247 7711 206 3317 7102 9869 7434 1778 1416 7201 1237 5149 6918 1956 6644 
22 2356 3826 6639 9242 4300 3373 2246 698 8516 8974 8359 5490 3508 4333 1744 8658 7989 1726 7722 5342 5931 4622 
16 2384 7962 2555 331 9323 9096 5038 8634 8678 7980 5246 3914 9010 7863 9993 2618 
27 2432 3049 9926 69 3022 8219 9180 1583 459 9028 9612 1364 1842 9880 6777 3577 1214 6145 6732 9905 6010 4967 1120 6177 7996 1254 1558 
25 2465 8024 986 6407 4227 3867 3691 2065 8857 6868 7189 6014 7721 1711 1485 3587 7254 5331 4755 1987 9875 8943 7565 2457 5063 
44 2519 5971 1518 4196 3263 3830 3490 2690 8784 6053 655 5516 8832 35 9037 2585 2394 1453 6910 4473 6861 3907 8074 3141 8591 261 8314 154 3777 8280 3076 2405 3563 6144 2347 1659 7213 3899 4995 8091 1084 4897 707 1038 
39 2571 6965 4935 5282 697 4794 5771 4112 8548 4910 4299 2230 2896 4035 6638 1331 4798 6344 163 8815 5464 8750 686 4915 941 139 556 1851 878 6577 1241 6428 5560 5251 2643 7509 1809 6212 9176 
20 2695 7455 2783 9944 6293 881 8953 8193 285 5730 4368 2004 7168 2483 7658 7127 1303 702 430 6458 
28 2720 2788 2160 1738 643 8945 3862 3498 133 1591 7368 405 7192 3242 9039 745 5585 7890 1703 4298 1490 3441 8371 2224 4393 8083 6507 2627 
32 2735 9046 9487 9845 1986 8410 9628 3602 1142 3050 5507 8040 1997 7690 9815 8682 1500 3414 2338 9392 7515 1679 9785 5184 5183 7408 9099 504 5836 6941 5232 1705 
25 2883 5572 6009 1779 4293 1466 4266 3474 2057 7796 4136 242 2892 6945 8810 1533 4991 1380 2870 2013 3140 3762 401 9765 6063 
13 2917 8323 2212 6980 6841 2674 9342 4763 9301 3224 7391 2243 8414 
19 2920 7156 9842 1631 8173 137 8343 1772 4715 7706 917 5707 4253 1764 8441 383 9120 1137 4662 
23 3055 9550 1443 2906 8296 6041 8807 5039 2151 4698 6006 4430 5850 5595 3171 7 2779 9338 2080 2046 8260 3656 343 
21 3090 1013 4007 761 4326 1595 8620 2345 3323 4000 6620 4732 8286 5333 7908 9489 4580 7814 828 5318 3458 
22 3167 3758 7282 8300 509 7392 4515 6184 5104 9224 4890 1920 3374 569 9455 8408 5412 6616 188 6881 8898 8740 
33 3253 7709 41 7546 4502 8203 5049 4482 1908 5240 1655 3554 9345 782 1676 2910 5040 8883 3534 4442 8873 1171 3684 2381 4169 1437 79 4474 783 1301 5159 2449 2848 
31 3307 109 6141 640 3047 611 4297 6101 8273 3082 2291 2972 7525 9221 8136 6231 6415 7237 1781 3455 5068 5463 8754 3217 270 3094 5800 9147 8282 2312 2509 
31 3442 5358 3190 8118 7762 715 2898 6885 2835 3278 3 6970 512 985 2237 8771 3497 4527 8712 9615 2929 4676 307 4399 7427 6317 2252 4126 9004 6994 1150 
22 3549 2523 5356 1429 6930 1820 8610 1411 4076 6528 5448 4529 6720 4192 3552 1112 2114 602 4905 1599 8897 6113 
24 3580 3005 3199 6125 4048 7630 8544 7286 5981 4369 8729 8498 9959 1375 7887 9236 7056 5634 7540 8183 9656 8385 3500 1547 
24 3607 190 2982 9171 1797 2776 3194 3507 134 1340 9218 9423 2971 5696 1717 9122 2668 7264 3653 7597 1213 302 1579 3259 
23 3629 9347 4485 2434 4034 7043 9652 2393 8450 8627 3772 7935 612 9943 4468 9578 6892 1495 2550 5659 6035 9831 9796 
24 3696 5621 6119 9735 907 7216 2362 649 8229 7865 4821 5786 4198 6431 3006 1151 9973 6792 869 5667 5435 6147 906 5415 
33 3817 8489 5089 7000 1460 9575 4973 4940 2033 3315 286 3798 9687 8383 5523 6240 5537 863 9148 3568 50 8738 2093 6697 5530 3355 9662 1442 3942 3180 6151 5508 8710 
28 3869 4208 930 4696 8101 5550 3044 1531 6104 9302 304 6038 2956 7353 1945 3908 1011 4748 9258 1333 2503 8352 3250 5551 4554 1865 8123 710 
31 4008 7612 9477 5228 9033 2076 8631 6808 2272 4114 4690 2808 3894 4843 1819 6874 3628 7723 9079 2451 6464 6666 5103 7514 5236 446 4447 4691 9241 2090 4338 
28 4059 8425 6352 5892 2967 3938 1977 1693 146 9981 1902 1208 3292 6414 7505 217 505 3713 2803 6388 4304 7470 6878 8949 3041 635 4350 5629 
23 4071 5113 5287 9158 8687 8743 4340 5470 2644 7340 7549 5882 4765 2500 5945 7858 6229 8240 9184 6876 6294 1261 7795 
42 4078 6189 1869 493 2742 6296 8462 9012 5540 1121 5554 1276 4109 482 6206 5535 8892 4624 2973 6567 5377 2518 5182 9705 7382 5344 5426 9659 9583 4549 3045 2632 2311 8697 1673 577 1621 5468 2099 1093 8808 6494 
16 4090 567 6647 1480 2525 6838 1368 9368 3161 8046 4928 1665 1619 6569 5939 9281 
15 4309 3596 7191 9836 2467 5001 5670 1061 5272 3671 6070 234 4296 5547 3618 
21 4377 8158 4371 352 3075 1638 1320 9337 1870 9955 3351 4950 7153 904 3440 573 6768 6291 1287 6465 9172 
26 4379 5808 4291 1910 9202 4643 896 2665 7729 1872 7187 852 1145 5575 3360 6303 3081 7736 5056 6592 7338 2902 5867 2767 7784 5334 
30 4435 9649 1963 2181 2442 152 8854 704 5374 2867 5995 7493 5700 6684 7090 5482 9894 6947 850 9344 2127 4178 9115 7358 8355 6477 9169 2221 8001 2276 
21 4494 2641 7208 7477 3759 2948 8312 5289 2729 6830 771 3567 6776 2785 5336 1650 2481 5833 4364 3591 3664 
32 4525 3409 6026 6196 2900 4021 2613 7745 454 4532 8134 3765 6378 1592 5651 276 1736 6829 8495 7265 9471 158 1829 2475 7845 1732 4812 1617 1825 8249 8424 9673 
24 4601 8783 428 9744 4666 7867 9353 2937 1762 4400 1494 2359 4144 3598 2380 8985 2579 7688 4556 2251 5889 1909 8337 4538 
23 4679 1949 5107 6967 2831 8860 9655 9896 5210 670 5502 8946 905 9895 1258 4488 5264 5429 9747 1488 1454 6492 6919 
31 4742 7140 9105 2904 7602 442 9045 2539 5602 6742 7373 1777 9042 422 1232 9846 9604 6098 6389 8741 1130 4100 2918 2083 597 2067 8114 4230 9198 6782 994 
24 4758 945 3732 595 1169 2809 5219 215 8963 4718 8935 333 2197 2873 7674 2895 9883 7747 2182 9013 2629 598 4040 1300 
28 4948 4761 8991 1111 9527 7856 8737 1859 7984 4775 9322 2670 356 8360 2414 7331 4359 7930 6852 8611 6760 8092 3872 4896 9984 3715 4286 8122 
29 5018 3527 119 956 6503 6523 2140 5422 507 3970 9234 1297 463 3547 6406 4591 8673 7321 3013 8905 7578 8633 1484 9203 2460 7696 762 3134 4145 
19 5192 3257 6601 9538 7988 4924 5105 5692 7566 8291 5097 7195 5007 4053 7295 1712 8561 1356 1009 
23 5235 6740 1509 2128 550 8339 2740 1832 9774 4067 2834 687 4240 4672 6097 1336 5750 60 6421 3046 5449 4348 6185 
21 5299 1512 5660 1182 147 6179 5188 7998 8906 6530 525 94 2687 9853 5736 7308 4956 2446 4972 9609 20 
17 5300 2436 7203 5838 2290 2557 5262 8616 1982 8199 1821 4189 1576 794 3069 4803 1929 
30 5324 4546 1272 2639 5601 7494 7010 2602 2989 501 8926 4248 1981 2051 3356 3072 184 5181 5950 6690 4110 5338 8145 2925 810 221 5316 4162 4451 8453 
22 5335 4536 7648 8285 7085 3605 3512 3453 2999 2059 233 8390 7720 2816 8776 1049 6671 5893 4774 3792 2300 9532 
29 5440 7293 5636 3375 3816 5566 802 8035 8243 9900 254 9992 5486 6312 7635 1596 3525 8907 5605 6557 2195 7667 4183 1173 2823 1133 6107 7202 1642 
25 5445 4260 3740 2368 897 5101 9160 2713 1682 1119 4513 3089 1268 2849 5775 8751 1070 7559 8657 7977 56 7151 8372 2814 6016 
27 5693 658 6711 1994 4507 849 6173 1487 4441 3909 8505 6793 8976 112 6816 6447 7556 1957 8914 1571 228 1808 3349 9 4731 1898 5666 
20 5717 2714 3616 6244 9897 5824 4853 1584 2179 2874 8988 2037 5073 4770 9542 2700 2587 8553 6384 3279 
24 5769 8715 2505 9561 6319 6495 4963 9946 5288 1298 9050 5315 8744 574 3019 6166 9041 8570 101 899 9454 5855 6257 2169 
27 5868 8020 3102 4130 2011 2072 4714 1532 7370 9822 9298 8646 7547 3316 8004 1058 3873 5963 7832 9730 2728 7439 8172 7775 2987 9931 1751 
26 5934 4387 8766 7874 4953 5853 1081 8164 377 6297 4204 614 9395 3452 9009 8522 8734 6256 2058 6551 4999 8053 4780 9690 7395 437 
22 5970 6656 4194 9666 5500 9631 1625 1186 9018 6251 2292 6757 7381 4654 1681 1435 8141 2476 9726 4534 1552 923 
32 6002 5218 7685 7034 2600 4115 2997 7535 5279 8266 3597 9006 6939 5389 11 991 589 8473 3926 2416 1608 5013 9857 7694 5037 7055 7214 1367 5368 1147 1204 3313 
28 6031 7406 1030 2511 4200 8448 1233 8348 6066 397 979 1561 9157 4357 5023 4809 8169 6617 3299 7521 8720 1975 7756 7290 341 5536 9396 4156 
22 6252 6475 2856 3433 6133 8990 514 6178 1831 8911 9436 7403 8845 981 4757 5641 8515 7826 8195 9793 5312 5179 
28 6263 5615 1684 7190 2041 8791 922 9190 6274 8058 5630 2241 543 1714 3979 5877 9400 4745 1611 1007 7257 755 5048 4570 9196 8138 455 2271 
25 6277 3148 8085 1863 7682 8761 4195 8500 6883 8918 3963 4562 3977 4992 4982 701 2282 8392 1400 8455 2795 915 9585 2864 5293 
27 6381 7082 8030 7066 9288 1248 7488 2601 7967 3295 2607 7389 7757 3962 2256 3650 5614 2584 8039 6554 4952 4609 4542 4463 4310 5977 7375 
22 6403 1563 8493 4856 7006 8009 2721 4831 7616 4526 3059 888 9201 8315 7144 7644 3192 4670 4061 4510 7719 3857 
20 6412 1883 6265 9602 481 4228 8536 9819 9610 1973 7918 5767 8177 6785 8471 8248 3953 5989 6964 9515 
20 6466 1605 6538 5799 4372 8112 2919 2706 5116 4113 8148 7672 2204 2142 8381 1610 9413 750 5813 3478 
19 6541 9109 1299 5140 6692 6590 7886 5747 3916 5761 7919 9058 9676 9290 8607 2073 9589 6364 3812 
19 6670 9166 8440 1206 7924 808 9397 1535 9616 6561 4492 6011 4726 4702 3460 197 4752 2697 7733 
21 6689 8932 3991 6410 267 3566 8403 1746 368 5475 3912 5524 116 8394 1149 8683 4729 5202 6968 1472 6342 
14 6706 7846 294 5452 5033 6898 4221 3137 5958 9686 3337 8769 6071 4390 
20 6783 2233 6034 9681 7779 7483 1926 6543 5128 2974 868 1678 1174 5940 1574 2529 1938 2326 7906 9970 
16 6807 513 9222 1110 2388 516 281 8662 2923 517 6610 3837 1128 1969 321 8556 
30 6815 9449 7097 2787 164 3701 7245 1587 9684 7118 5465 7620 8692 2722 5872 8621 4912 1154 9092 786 1136 7313 6238 5127 1202 5011 3522 4904 840 9380 
46 6822 7088 6192 5887 8902 3105 6012 2605 9757 4050 6749 506 8464 2570 5351 3915 6984 9497 5695 8298 4089 5514 833 7614 724 3902 4919 4789 2129 9755 5339 520 5759 2889 1413 9356 8853 7054 3604 5814 7681 7803 8130 7953 3848 9304 
22 6831 6741 3623 7562 7081 1896 9701 3466 7857 8502 9155 4378 6292 1534 3613 1918 3060 8349 4401 8934 5806 5573 
20 6901 726 9564 2360 4709 4773 1921 4075 9163 2580 6604 9748 2365 5807 7443 6889 7991 6944 82 7393 
16 7013 7194 3416 6171 6444 2793 3960 2712 9991 9352 3363 6725 4445 9940 6241 8131 
12 7070 4836 3630 213 4674 6347 4946 7240 8709 5363 5178 641 
22 7109 4644 867 1639 2281 490 495 1989 4730 7543 3820 8417 3730 3226 1694 4287 8267 9005 4600 259 5485 8517 
51 7399 6529 8915 720 8835 1240 2198 128 5214 7638 2399 1527 4080 6128 1955 6450 3603 1628 1723 266 2881 7698 2245 6413 9457 8353 8378 949 8645 9031 6103 6915 7407 4211 6839 3948 6810 4582 6423 5904 4535 3078 3917 3519 9892 3179 4813 7983 3422 5474 7146 
27 7429 1784 6634 2464 9949 2578 5899 4689 7516 2078 8492 8775 9821 7932 8525 6091 9582 3166 1127 2746 7955 5521 7052 6573 1837 2516 1410 
39 7463 1447 6425 4016 4657 8796 2649 6818 8042 3112 8128 5453 4029 4493 494 8981 3211 2137 3661 7781 4964 2153 3919 9862 4945 2028 3306 6500 1099 4116 2562 4596 4509 8685 5345 8602 662 9317 7601 
29 7475 8587 7446 874 780 4720 7737 9947 8419 2333 4869 8868 1222 8940 2480 1710 1417 2565 9362 2506 2837 3293 278 90 6142 7461 4329 3028 6170 
16 7499 7287 4285 3083 7379 3685 5211 8182 8958 288 160 2091 9921 2847 1939 7700 
19 7561 1524 5405 6161 4675 2478 2068 3446 1839 347 3164 7545 2894 7910 6936 6217 7673 6470 8120 
23 7657 8104 1644 9133 1643 7361 8033 9074 8109 8871 5256 3570 3924 5155 9231 6539 8215 5643 2487 8913 8589 1377 5125 
19 7861 2942 6575 9712 2954 9089 7542 5768 1396 6982 695 4547 6298 2215 3935 2331 3824 1087 557 
23 7928 8787 856 5303 6220 8768 4587 1565 1725 5045 2108 5193 3767 8778 2226 8936 5126 2725 5459 148 1195 9635 3975 
14 7956 9406 7787 2781 4593 2852 384 262 7518 8095 7859 1473 1573 8618 
23 7965 3546 4409 6398 8642 6270 674 9424 9388 5909 8284 9877 2236 8006 3125 9606 4994 1398 2628 4157 5592 3110 181 
38 8175 1332 1218 1326 1843 6498 9138 8272 4969 4498 2040 5907 6987 2417 8428 5472 8872 5689 4459 2190 8361 2911 7449 2988 3383 7517 3506 2306 2705 848 2824 1063 9066 7491 3932 2637 8948 5225 
18 8292 6735 1459 776 8863 7377 5217 4176 9865 8592 5066 2853 7821 5657 1481 2683 4540 4911 
40 8310 9733 9543 4815 7465 4980 7574 4630 9286 5955 9382 5120 7226 4705 3583 5267 5375 1250 3482 3261 1455 9810 3139 1345 5117 9718 4521 963 8584 7875 9119 3822 5740 5776 3015 9567 7350 7524 5848 4120 
12 8329 211 2522 5980 8478 337 9695 8457 7200 8663 705 4321 
28 8477 3208 4806 5779 9524 6078 8188 6331 6746 2680 4012 6773 7531 9683 8362 1696 7848 27 1996 6180 5115 721 7089 1238 323 5883 1823 2586 
36 8518 7435 6420 8554 6942 7430 439 933 3615 7277 9341 708 7665 5603 2043 5323 2052 3925 2042 3377 8325 6204 6790 7175 9688 3810 3922 6390 9668 2833 7163 5413 8043 4446 5280 2724 
24 8640 2603 5957 248 6076 39 816 1395 4429 4188 7853 1167 6531 3206 3934 9051 9771 6334 6998 9775 9446 9025 9753 8874 
10 8670 9021 7979 1280 1698 6368 6576 8087 1003 8850 
19 8708 7319 1160 1944 518 2596 7016 7718 1072 7958 3682 2572 9551 5671 7421 5467 7450 4811 8171 
27 8731 7398 8194 5674 3098 2045 7837 2054 3811 7414 9534 592 8513 5506 9488 4155 3018 3144 829 3769 9932 7126 8714 182 7218 438 5790 
23 8773 425 8510 9192 7296 274 8545 2063 1277 1026 3878 2150 8852 7121 6668 6516 5337 9887 4769 8717 9909 6676 3064 
34 8878 2928 9813 3424 315 4233 2293 3092 47 3779 2425 1804 6338 2780 1 1294 2732 1109 4328 3228 7873 5959 3714 9136 6846 5548 80 2499 3726 8474 4342 6929 5478 3755 
22 8950 8328 6491 2406 6596 6920 7298 6187 7800 8399 6588 5194 2932 7225 9088 269 746 8275 7073 3836 9545 9990 
35 9003 1414 199 9078 9965 5816 5212 5712 2825 633 8555 8116 826 2543 2875 387 8218 8108 6629 7507 9498 2765 5326 9653 7670 4837 1971 8405 747 4294 5141 729 4295 8552 247 
17 9084 6654 502 5205 5757 8346 6756 3708 3536 6823 3296 362 8276 7310 797 3688 8147 
20 9140 892 1369 6956 4503 5782 1911 2375 6775 5384 227 6075 3864 9145 111 5065 8216 7834 5476 4133 
15 9256 4830 5156 1079 4713 657 4858 3754 7573 7679 8599 4324 3310 9960 5821 
38 9305 2738 9640 1697 965 1221 8073 8434 3786 3544 9559 3541 4733 6718 3411 4673 483 830 6563 2651 753 5050 7548 1553 9272 6672 1393 15 3135 9767 4805 77 6396 2263 2820 4216 1427 6467 
31 9313 8262 9065 1346 9539 6374 9812 2885 3974 4072 1814 5587 6505 5258 968 7447 2545 3385 1270 7280 6092 1517 1575 1801 2301 7869 5311 1641 9749 8641 1805 
15 9325 9137 6512 2802 2377 5124 350 1753 7137 2279 5568 2030 4822 8885 7600 
25 9393 3197 2112 9617 2661 6422 4384 8018 4772 7904 7076 1719 6763 4850 8181 441 496 6328 2202 8418 995 2836 5446 59 1646 
24 9409 7224 4247 1197 5619 3157 9141 6146 928 6803 7063 5349 5483 2222 1950 5947 8977 5327 6310 7084 1483 8639 1360 7773 
17 9514 7864 1640 498 5593 6902 5099 857 9482 6235 940 1216 3265 9936 1892 3892 8154 
20 9563 7028 6021 1430 7882 772 7761 7794 8366 257 5763 9076 1172 9465 1482 390 8724 3405 3858 6350 
26 9619 1372 3557 9737 8809 2034 639 4033 2631 9941 3796 1743 9181 500 5195 5496 4708 8117 2744 4766 8321 8797 9296 7831 9311 3588 
18 9707 3578 7610 9384 8121 5119 2303 132 3956 571 7828 725 6954 1161 2888 3703 2961 8490 
24 9752 8484 3051 9702 241 1349 3624 7267 7560 4845 6043 1444 2420 2295 8196 8443 6497 7634 3302 5493 5075 1813 9024 5390 
33 9847 6404 1386 7442 8681 9586 2060 1686 2741 6969 7730 3439 2407 9881 6218 93 5658 2325 4567 6996 9547 4165 3000 6429 1351 1068 7233 9399 9745 4859 3020 6348 5108 
17 9976 8792 2863 6578 594 9293 9665 7973 954 6233 2101 1877 7850 6401 2133 790 7036 
24 519 5213 4064 8747 6222 2958 6426 7898 8007 5350 735 1373 2872 7892 1404 5079 8706 8423 5685 2946 2259 6693 4649 1304 
15 2061 3976 5837 2640 6484 9754 5072 198 2097 588 3248 5935 3676 6080 8847 
32 1269 8207 6927 3802 91 177 3675 4638 716 1292 7167 6974 8143 9193 8763 243 8201 5 6050 4783 5266 642 9126 8781 5588 8626 4791 6496 7618 2152 1341 5859 
29 6198 8699 8034 7840 5662 6698 8984 3785 5564 1198 5092 3186 2990 4259 9237 887 1266 5157 2494 2274 4175 9535 3189 143 314 8313 7577 8226 5253 
28 375 9267 9408 6476 9632 8533 7872 4085 7222 484 9779 7440 5992 5385 1538 2524 9453 9603 3720 3728 5613 7268 2210 4203 4883 8654 6819 3528 
24 7119 8739 5719 6550 5503 2382 5690 2652 7829 3851 4584 7926 8764 7462 4997 9919 6755 6661 7053 9814 9608 685 9334 2117 
28 1005 5393 3057 1634 9647 3099 1176 538 8031 6513 2084 4974 3004 5257 9312 727 3023 9016 2743 8802 5822 3745 9434 3983 2679 9782 2032 5244 
24 3693 4421 9645 7113 6391 7749 9879 7529 5778 4852 7124 4478 8013 9924 7495 6084 7452 8834 2474 6717 8613 587 980 1378 
33 6916 1384 730 5025 8157 5369 284 8823 6856 8588 6316 98 5668 8816 9064 7922 1352 300 7315 9964 2025 586 153 3763 836 5255 8066 6976 2223 6349 2277 3229 3643 
23 9888 9452 9134 9546 2044 9284 967 8534 5694 3142 3980 4234 8439 4373 3668 3834 4146 5612 6449 9057 2100 6559 6479 
29 5245 9385 8973 3393 3622 6156 4819 1199 1876 4055 2945 1741 3748 6608 7788 305 7652 1498 5110 5430 2258 4934 9703 5942 3945 1961 7001 2227 5504 
21 1978 3865 4366 8506 9324 4087 1047 4212 1450 8656 5852 7179 9111 7327 4870 4579 6791 9664 7671 2593 2134 
24 8962 4164 6657 9370 9441 1875 2 8064 1519 9470 3389 4252 7895 1162 466 5144 9772 299 5749 4741 1614 4277 9834 2208 
23 5860 8435 6313 4605 3429 9328 4892 2804 2315 6059 7130 2398 972 7047 1765 6935 1858 5432 1419 955 108 3378 7459 
22 9675 9052 2323 8882 9742 3940 6850 4824 3595 4407 806 3856 545 2541 8235 9200 7617 2564 5846 8580 3838 7472 
28 1040 2520 6216 751 8245 9479 9706 4518 1720 5000 7590 2149 3768 7596 7022 5438 6867 2707 38 6673 4199 1467 2671 4383 58 8959 675 142 
22 8703 6747 5656 3594 5382 7078 9300 395 6728 7627 4746 1262 2991 5118 5505 8255 3273 2689 3644 9781 8008 2691 
23 1833 9595 2745 9027 6279 230 412 5411 7599 7352 2003 2676 5677 5528 5177 7029 9443 7059 8849 5003 2157 9214 9374 
14 6663 1984 1667 6182 2180 7916 3465 6181 4625 3936 1582 5148 9210 7789 
24 7929 2963 4099 3203 5238 2192 9724 6437 8814 9321 4043 5292 5479 6124 5648 6626 5828 644 7083 8223 2908 926 3185 5538 
24 5885 6455 2984 4236 8826 7949 3231 2938 4550 7594 9908 581 7419 4439 1401 5936 336 2891 6046 2193 5895 6273 9977 6795 
28 4637 9274 2355 6784 175 1309 52 1392 3782 2645 8344 4647 6061 195 185 1654 451 625 6100 6040 6022 5974 6330 1849 7951 3543 8044 465 
31 7401 9090 4207 3821 2132 6922 6356 5539 3663 6989 3532 6865 8987 3757 8063 7791 1882 9447 2733 2980 5611 9034 4254 3132 8677 2363 7544 6195 4261 9787 9569 
23 2869 8979 8806 2790 5847 8481 2213 9930 3437 6219 5080 7675 4201 75 9310 3581 8537 6417 3128 667 5150 6840 136 
41 4894 8458 4867 7631 2657 5699 6239 7876 2782 839 2495 3910 1200 9805 7243 3108 8573 9503 8338 1260 1177 7337 8989 9832 9179 8595 6114 4032 3256 6117 6289 9565 654 2199 3725 418 8894 2588 9942 9914 737 
23 24 2426 3345 4045 8617 4353 7592 9838 7755 5473 7823 3447 6281 9348 7292 2615 9509 5644 296 5395 9168 8581 3929 
25 297 3572 2771 120 7558 7691 8494 7920 7490 9671 6714 7100 2719 385 8512 8975 6934 960 6236 1928 2353 1234 1043 1497 6518 
23 8204 3833 1338 1930 4358 4443 2501 7046 6205 7939 9275 9233 2354 6154 7607 5365 6766 932 7946 8877 5753 8463 4319 
18 3371 661 9263 711 1179 6367 8444 1715 7077 2694 3973 8689 3342 3599 1036 226 8982 3120 
23 4618 5948 3537 6526 1355 5766 7162 9177 4347 8316 544 9998 1624 6863 3213 3756 8165 8805 6564 9257 9648 1425 5376 
24 9679 7512 617 2754 3181 7445 1504 280 4499 3070 4086 4747 1702 7978 6471 4322 8927 548 4751 3492 4778 1290 8884 1006 
39 2559 7889 4703 4920 7572 3073 2036 57 4782 8856 1873 3565 7172 6615 8955 5642 4607 3839 396 7387 8909 2612 2383 275 9987 5734 1827 4801 7273 8889 7155 1446 5509 2822 7801 4531 6266 325 2163 
23 4855 1024 100 7643 9844 3305 8550 6203 9022 6744 6545 2183 9907 3711 8752 6701 7369 5499 1191 2200 759 3480 6870 
25 372 5744 2178 5844 890 2234 6605 754 6820 434 6612 2560 201 334 7868 2701 8483 1759 6606 623 7416 7165 4820 1718 3569 
18 273 7704 6446 7759 7411 379 2439 683 9378 9456 5109 570 673 1526 2968 31 8070 224 
16 8342 7329 2171 8038 9167 9843 4565 9318 1053 1265 363 9903 7157 4231 6322 1359 
27 920 3951 9419 8653 7692 9394 6593 524 5268 3847 122 456 4817 7728 4015 9063 5843 9332 2369 4707 971 2830 9956 6096 4901 6258 6221 
17 8840 4661 3896 5031 7931 2206 6769 575 6983 1035 470 2342 3733 6183 9997 2238 9915 
28 4058 1489 9761 7263 8151 7503 819 6488 6799 6234 1031 8993 6486 4985 8933 186 7582 6565 7854 5784 8765 2194 4375 6770 6986 8311 3860 8700 
25 7957 1421 2901 1470 1810 2228 6683 3282 4701 1075 9250 1857 6923 7646 1477 2590 3209 3464 8238 9427 7964 7051 579 6650 976 
14 6961 9974 4880 559 64 6283 691 9911 4561 2909 235 2736 5653 638 
21 5086 4511 4930 4756 118 7513 3425 9106 7650 7966 2242 4810 6636 9253 4484 5121 1812 6844 9971 6118 1418 
16 1664 9087 3291 5284 5639 6227 6611 7033 2647 6194 2865 2594 3871 6685 3719 3723 
23 3444 5875 5830 546 3609 353 2796 255 9366 9828 4289 4754 2419 9531 7942 3382 5762 9873 9067 5348 4779 7335 3204 
5 7040 6493 1135 3774 5059 
28 9283 7320 5686 7380 5352 66 646 9923 8228 7697 7422 7508 6345 987 9541 3828 8241 8045 7925 2890 9414 9365 5461 1788 1408 4695 1210 1139 
34 9799 3579 4863 3875 6186 3921 7248 8614 8795 5428 8037 7364 2187 2386 3793 5702 9264 4244 9553 2264 5208 9421 2341 6940 7743 3448 2860 9989 6232 9525 2136 4180 9660 8722 
27 222 6658 6580 8785 5701 6243 249 8830 7626 232 9175 8526 8828 2047 7550 9807 3831 1895 9794 8451 5845 937 2786 1826 8980 6748 9536 
24 4307 6199 1729 5135 2126 2675 9357 5770 9226 2622 893 7684 2088 8287 988 6797 3243 6890 2624 1878 7044 2592 9700 939 
26 4143 4428 1755 6402 4786 1422 5074 2933 9444 7807 6397 9835 4571 4360 4684 6432 9713 7487 1242 1549 5869 5095 3626 9189 8374 8543 
11 4214 6752 9135 873 1670 5164 532 389 1536 5637 2055 
19 9523 3170 4024 9481 659 3394 2846 8103 3859 9574 7588 2768 6736 6354 3868 8411 432 1701 9326 
28 6695 1609 6836 4405 2000 4986 942 3290 5014 4776 9849 8244 1861 7707 964 5681 6030 2903 2965 2778 8777 1374 7833 1585 5077 2880 757 7783 
25 3988 3651 7686 1601 7628 7232 8575 6537 853 7636 6333 9358 1501 4768 5032 6176 7099 7839 5840 706 2855 3071 6285 1115 6613 
17 2316 6110 9410 5628 3165 3669 1799 2498 7394 7220 4838 3056 911 6057 3172 796 6288 
24 7952 8586 8421 2470 1263 1211 9641 4105 4907 5380 2400 3201 624 537 2532 7552 7914 8992 8704 4737 9048 9764 4490 231 
28 2576 8029 8274 2626 5710 3461 9874 7662 2119 3434 1004 2023 4634 1096 3750 6713 9083 1932 7583 6372 9285 1554 1440 1556 229 7057 6242 2845 
30 961 5698 2453 4278 1391 7366 8416 216 5139 6858 9816 6137 3010 7354 4932 4222 9315 6309 2533 6972 8859 4108 3063 5489 2764 9486 9014 9383 6853 4042 
25 6115 5295 4802 3428 1649 1235 5793 359 6400 3361 3538 4975 3183 5609 1708 2775 8144 7423 49 2219 8888 3781 2286 2609 9476 
26 157 5818 5409 6480 4828 7080 3845 9001 2621 7062 4878 1806 6709 9389 7838 8202 6427 6287 5735 9797 8168 2623 5923 7537 1082 8957 
18 4842 2538 5234 8772 7883 5511 2235 4404 4656 5584 9678 6871 1098 1302 6377 4603 4462 8422 
21 5424 6913 5732 3795 4613 3066 2305 6842 3885 1803 5250 880 1551 9422 3320 5084 5820 5691 1076 3298 7937 
19 4150 2106 5069 7912 9505 4496 7806 4777 5391 8855 5320 4280 760 2569 4573 8139 1293 805 1134 
26 3149 8459 46 6346 2240 9980 7726 3007 6866 7178 3115 2390 8212 6622 8524 3893 9162 1358 4572 6254 885 3944 8341 2298 811 3994 
24 1888 6068 6237 4944 5835 7654 3454 692 5172 4660 9460 9442 6734 1566 4001 4771 1807 5319 1153 4284 7660 7307 948 4127 
31 117 6155 7176 8125 9299 4840 1988 1783 7819 6733 1668 3237 547 7417 8221 1017 1405 8558 404 4943 1091 1798 1675 4283 3683 8684 5972 6448 301 5458 6260 
33 3103 4959 2250 7211 1733 1968 7746 6737 9963 7724 7770 959 6138 1337 6880 9722 8127 5525 6264 1836 2371 5152 7050 7776 7426 4179 2490 3950 7349 7530 3014 1001 5697 
13 3855 328 5170 2191 129 450 4501 9519 8452 4723 1972 298 5020 
20 541 6669 1791 5373 9508 2461 125 9866 9725 2995 3736 7571 7247 4341 8340 7947 5388 8308 6365 1510 
23 1866 7792 4541 9151 1476 536 3593 5664 8437 4152 3590 1083 5826 5873 6408 3033 1848 3486 7606 7035 7219 6405 1020 
22 6424 2512 5678 2217 5866 1700 7103 3874 6699 5133 7148 1317 5168 5165 8966 7242 1379 2094 2815 5825 2540 8178 
24 585 1323 4245 210 572 5291 7344 461 4031 3258 6379 4787 9859 1612 9205 7094 1824 5019 3516 4412 4700 3184 3126 7758 
24 4346 8774 3746 244 8851 2107 947 2268 6522 1468 4258 4847 6055 6675 9598 4889 9756 7992 5918 1795 3681 9669 1841 8535 
22 7799 6924 7579 8412 252 7234 121 9592 3645 6165 7615 7018 6008 6478 8061 4187 3485 717 8389 8096 5737 795 
12 55 3396 2966 8598 4006 5965 522 6440 5791 7158 7484 7376 
23 8179 3601 8324 2473 8895 103 279 9080 3674 3391 1707 3198 3517 6623 2484 192 8084 7478 9568 4886 8622 5265 7825 
26 3008 3384 2916 1580 1835 2857 1985 2907 5635 3340 1513 6387 6990 5456 9448 1657 7038 3348 6508 1881 6074 8861 6715 9215 9717 3586 
15 29 4455 4327 4888 7150 6904 9694 83 4125 37 2633 5925 8788 4052 9827 
18 9216 5307 6363 6326 6308 4902 1818 6314 9059 4425 3087 8944 9528 8364 5096 1074 2322 9638 
26 7640 9306 629 2035 8257 365 3731 3450 7647 5041 6908 6772 4489 8931 5271 7974 2454 2188 54 9243 6411 7836 6019 5616 9558 3969 
16 6607 6884 2537 908 4074 1307 5309 6778 4191 345 3407 9391 9555 469 4841 2669 
20 7911 5006 1016 5864 22 5956 4970 803 8234 8623 8041 3771 1577 9149 7963 3835 9309 3797 8251 3111 
26 3457 2711 1152 8597 8523 3952 5008 2547 2534 2452 7790 9967 5419 3481 3823 6837 5203 5916 8409 5961 7878 1739 6358 6521 6271 6997 
30 5716 4781 6430 9199 3205 2184 6821 5353 4893 1310 3399 8669 9239 8060 4276 6738 5175 703 1164 8757 8365 3048 8608 5276 5928 5688 3417 2321 1052 2463 
28 3743 2748 6705 9576 4966 7041 7456 3621 7274 7754 9247 4979 9428 6707 1371 841 8920 7371 4039 6812 628 6568 4005 7374 540 7215 5714 3402 
28 5381 1734 5433 767 5941 5708 6451 5417 8841 1525 2294 5728 2757 9899 8052 743 5022 8305 2317 9098 2014 3415 4633 2165 5839 7413 5436 4725 
18 6456 5510 7492 5724 1537 2810 5526 4314 9474 9798 9863 9801 2010 6667 3804 3658 1205 2445 
24 3555 400 3418 2477 4046 8186 9330 4330 4692 4682 5249 8334 5052 6469 7107 6267 983 2459 9961 1462 5544 6482 7717 8119 
16 5406 1674 1256 2121 8511 3689 2678 207 3153 8604 5325 7204 3343 5978 8265 3347 
28 3025 9685 895 4028 7386 2653 9035 4958 799 1424 3174 7007 8129 8250 4804 1889 9350 4102 8972 3659 1089 5286 2146 1354 8893 4267 7289 2441 
30 1735 7104 7811 2648 8014 3079 1328 689 126 9571 8153 9572 6249 5741 1388 162 6351 6651 4118 5549 891 804 9759 9280 2064 3734 4079 3012 4553 3032 
28 2774 3029 8529 5457 5910 4594 7164 4251 3494 8025 9727 5220 5722 6033 3521 7608 28 253 851 6299 3888 2085 5574 4581 1893 2806 7356 2755 
22 583 2143 8694 9566 2248 3561 2841 2089 4851 1834 582 1387 7860 6948 8161 539 340 7841 5206 9777 2692 5147 
17 2986 3891 7143 9240 2229 7021 4316 2269 631 555 2878 6209 7905 2253 9637 3535 7986 
28 5304 3196 8530 2799 1557 1884 5917 1845 7209 9972 6597 6999 9667 6824 5733 3968 6286 8829 2752 3662 4933 3884 6499 4337 6093 4962 8941 2813 
20 4788 864 4764 8876 97 8998 5386 4722 3699 3145 1780 5774 167 140 8454 7136 1180 8674 8185 626 
16 1528 3160 6089 7466 2415 9054 3372 7149 2805 4082 1107 5898 6957 603 7317 6665 
23 4586 1267 5260 9584 8446 3039 2437 9183 2344 2396 2340 3484 8258 5655 6906 2619 1737 1285 5044 1683 9499 5057 6721 
24 3281 5743 3502 660 4139 5366 2556 3031 7502 8268 6290 2526 5704 4947 6483 7897 8886 2155 1362 3275 8879 8156 1758 1019 
24 3471 2006 6399 6197 8099 8755 3052 634 2662 34 6337 6532 9802 503 7030 5010 9599 9439 7412 7039 6973 6978 4057 2049 
12 5598 277 8793 8048 6511 884 1347 1085 4668 2161 8488 7899 
29 7877 699 3542 9871 1685 7847 6648 6719 5713 2969 1104 1752 5094 5801 3832 3152 2364 528 2493 2334 5111 1661 7324 8619 4563 4315 669 3903 5723 
15 5161 5954 1458 3895 3584 3505 2599 694 4464 3961 4694 7388 7147 3791 2659 
26 6649 5112 1106 92 5952 1768 3496 2125 8304 7653 8283 8003 4631 5966 2389 1856 1243 7815 9404 5871 3886 4968 6158 1456 5273 8022 
25 61 8277 7425 8407 5709 1924 2935 8811 4978 4323 1905 4621 3920 8930 2466 1766 3996 2807 1542 8142 8790 3529 9650 9918 3985 
21 1776 2074 1539 4014 6641 1394 3150 4388 859 4382 2913 3344 5542 6395 4386 2002 9580 4010 4530 2376 4158 
30 622 271 4645 115 8644 4800 5298 777 8916 6157 5640 9643 9988 3495 5166 8954 6787 7851 4271 6781 5755 8716 3488 8398 3274 2598 2554 3923 3780 7731 
22 8406 1651 9232 7221 7334 272 3127 936 2024 3251 733 4620 5216 4578 8812 2832 4650 7336 6095 8929 4987 2897 
25 2020 9852 313 4555 7256 9962 5160 1541 7384 684 7520 1906 9591 8600 558 9468 7526 4577 8295 4134 6943 4735 6434 4568 8331 
16 3692 3459 6896 9276 9458 6163 1521 8542 4449 6223 6600 6520 8666 7297 7568 7533 
12 1353 7471 8059 7663 9100 8782 6582 7284 2486 18 1653 4186 
24 9291 627 6392 3842 9182 6340 4318 7096 5070 3905 4566 67 6891 4739 5577 7725 7961 3151 1505 2071 9840 756 6635 8430 
36 9207 7180 7323 596 6764 9485 4003 1508 3906 5914 8576 361 2485 9957 3412 4738 6691 6632 5397 9415 651 4367 8036 3254 8386 8100 9432 4519 9390 5269 5439 8925 8429 8690 1055 1212 
18 2912 9191 3247 8486 6566 6211 9029 3163 8297 4612 4402 9590 7705 4242 4049 9811 406 7223 
19 6160 4537 499 5880 3573 9213 366 740 728 6509 6801 2255 5392 8837 3978 1095 5047 9577 6603 
25 5341 9495 1589 8603 5632 1330 6268 6864 5556 3027 3406 5558 3813 4560 8668 8388 6371 1936 2372 7539 6895 2583 6981 4790 4799 
24 4066 3990 7152 9751 415 6832 8820 6253 4111 5559 527 3686 9697 6324 9081 8900 9197 6343 7087 3369 7008 9369 7011 2818 
23 7141 7230 7994 9127 4356 6094 2515 508 8026 2104 6953 5484 8842 6628 7360 8922 4436 5897 7283 6598 6311 4476 7441 
14 3564 7677 7532 8667 4426 6129 1754 1478 562 3819 6148 7424 7131 3386 
18 3239 6457 5783 4914 6280 1441 7135 2110 4224 5725 8650 2947 2978 322 2943 5522 3341 7182 
19 8520 1970 8160 402 3556 4343 2546 7405 9682 3545 6847 1432 5488 3634 8999 1295 2821 7409 2964 
18 580 8224 8051 65 1255 4685 3277 4569 4881 3738 8081 8347 7695 9161 3431 6899 1185 8433 
13 6228 8978 523 1220 5919 4380 5242 6045 7281 3863 5865 5720 5672 
18 3030 6327 3694 5004 256 7734 2148 4036 3195 4370 7299 9904 1760 9854 258 4197 4311 7460 
17 1879 212 7817 1692 9420 865 8293 2139 1789 4303 1680 5130 3931 5817 9494 8612 5398 
23 8559 3138 8695 969 5879 7339 4397 9038 8126 4264 3065 6774 812 3330 4381 8124 3350 7348 2976 5617 2604 2361 6911 
29 6952 4223 1886 7941 7576 7764 6882 5933 7712 8159 6064 924 6083 283 8476 1974 6490 9416 8528 6860 114 604 9174 653 931 6099 7938 9061 9829 
25 7229 9282 6659 2156 3314 7045 319 1203 7341 6806 6726 7782 2646 2553 1329 4923 5570 33 4418 3095 3080 5055 5798 9721 3097 
23 741 2838 1281 6762 7498 2086 5305 4394 4106 7363 742 3523 9053 3649 5403 6017 2069 9339 7880 4996 431 263 7404 
20 957 8566 2667 1259 4884 4456 3761 6443 3501 5191 2017 1342 4461 42 71 7481 1086 3304 6514 4432 
29 9187 9402 656 1252 5620 4141 607 6729 9165 3981 4163 883 4734 4711 6779 8549 619 8881 1606 5863 6162 1056 9856 8056 4753 8320 4927 1951 7111 
35 8758 9806 435 8786 6004 3989 5347 6245 9872 8609 4344 40 6848 9800 693 7345 7921 1632 5518 3131 6640 3357 8005 3937 7473 8322 4931 1507 3744 1600 3533 1581 3853 4683 4865 
9 219 9691 4854 6188 9143 3610 8303 8332 5586 
16 8271 9401 5043 1864 4491 1166 6301 866 9783 4588 5190 3766 9154 6955 8538 5230 
28 113 5060 9710 6261 7171 4256 2630 2959 9784 1516 3212 9554 9335 1854 2772 3401 5355 426 6624 2962 3106 913 900 5760 6533 3107 4606 3883 
35 6044 5034 6703 3270 4481 1613 178 6579 9729 5610 2370 1822 5180 8748 8649 2205 3808 2087 250 7497 6385 4122 8846 4548 2005 9719 3698 410 3576 5204 6461 9259 4951 391 3346 
16 9411 6877 9273 4559 1322 996 8875 291 3815 7185 2066 5418 312 664 351 8994 
21 8290 1010 8951 1046 7037 6963 1980 2684 5984 8822 3214 2672 752 165 6872 5146 1658 5443 3965 8770 4124 
28 6418 3311 6474 5012 3026 8079 2261 3966 7934 475 6643 8970 843 485 3085 4209 5340 7009 3551 7328 7786 6510 3419 3504 8762 488 7042 8480 
28 8728 6168 5951 9132 5310 7715 9623 3308 2636 408 9152 7917 9386 4505 2257 1916 2201 2800 237 8723 5354 3727 2310 1350 7702 8519 4013 3631 
10 734 9579 9788 3303 8818 3702 4220 4909 5046 7252 
18 9670 5359 354 1496 578 9208 2374 2319 3550 4121 9978 1502 7619 7767 3388 4823 1962 9916 
28 8395 2536 6438 3420 1491 2167 1201 4615 8263 3843 1979 5163 5608 8105 3404 5600 4217 6459 8969 6149 6754 2871 2688 6704 2496 5223 9898 6960 
15 4495 8629 9731 105 9741 3722 4669 1747 9023 4335 4452 7820 3234 7909 8019 
10 9901 6039 3635 1671 1486 9855 5330 2759 9467 2773 
16 1794 3739 6581 9704 104 1853 6225 7258 5993 1156 7589 4860 7343 4977 6087 3617 
17 9581 2899 6814 3124 9537 3818 5576 8956 1193 1069 2710 4262 5633 7128 1890 2812 3749 
29 2429 1630 1503 4875 9562 6771 4376 4686 8093 417 9743 7239 6921 2438 9607 8460 3235 8442 1469 4681 7385 9211 3642 2727 4174 8647 6664 7002 2664 
20 8420 8848 6589 4664 6618 9082 4651 2861 1275 433 9533 9933 1361 5270 8531 2158 9999 2289 5408 4374 
22 2589 332 9624 1282 5171 5625 3353 855 9327 9945 6175 7541 2739 3158 2038 2124 7835 4275 2196 9507 4641 4716 
19 2278 4706 330 5187 671 2927 4544 85 4595 7808 6460 3499 2444 1246 4361 3637 5647 5494 8870 
18 9020 6558 6380 1475 1117 9077 4302 196 9490 1383 4688 1976 4301 8825 371 2656 1230 5370 
27 2008 6200 3173 4073 1217 1770 9431 5427 63 4334 1183 5706 8660 4238 4598 5085 4680 4422 8880 5787 5407 5599 4424 1966 3335 590 4243 
19 4877 8449 3680 5913 1143 3955 3582 5638 8180 8467 3175 630 9922 4861 2521 770 7133 1887 9472 
26 7891 9851 9316 8574 9830 2957 4065 4486 1767 4440 4044 9150 4608 3438 5401 4678 1648 919 5283 1899 5894 1403 8174 5973 170 4891 
20 6900 7553 6584 8996 6085 2154 2854 2159 8986 72 149 534 1740 748 420 4022 9552 9876 1677 3825 
12 2941 5237 7534 5371 1623 7511 4465 4516 6993 2794 2408 5665 
16 789 3068 9889 2930 3326 7595 4068 5314 6020 2462 9372 1274 3427 123 9206 5296 
20 4882 4648 5994 8214 7564 8638 8326 8299 731 449 214 9621 9308 6599 5960 7950 6373 2329 8163 5841 
19 2828 8376 992 4749 3493 8615 7933 5684 7900 2851 7291 2761 2001 1244 4926 8456 5322 6614 8319 
20 9979 4084 2343 8491 2513 6800 1598 5532 1953 2996 9244 2611 814 9762 3890 107 3520 5652 4339 1722 
22 1228 3188 3169 74 2702 9644 8289 2762 1065 9674 8336 5346 1691 1506 4864 9417 5683 8487 9336 7303 3514 8054 
18 8675 9473 6903 8110 141 560 9251 8753 2699 4936 3911 966 6700 8696 8508 8726 8375 2225 
30 554 6135 3783 5627 4250 9795 2635 8187 7785 552 292 3451 3062 7275 3986 2844 9091 4597 5908 2162 9663 6419 8032 7261 2458 6979 1060 845 1602 3043 
20 8102 6786 2173 2766 1748 2122 9056 3077 800 9194 8107 8469 7774 289 2491 8838 8396 7824 8057 4846 
22 2166 9412 8259 6825 1325 1431 10 1499 9917 5357 3982 3413 8231 3806 3558 5797 8501 2993 8648 831 7586 9430 
21 4056 842 3116 2209 9229 6462 414 1727 1165 9086 7976 6637 4051 3301 7997 5531 3002 3787 6991 7235 2530 
20 6724 2123 3227 5221 9934 5042 5442 678 1688 4312 6130 2582 7844 6109 6278 3040 479 5811 6 3619 
18 1815 9768 189 5679 3959 6655 9185 4438 5321 3312 2625 4589 4908 2985 2914 1633 6595 7410 
25 3245 1773 9557 5888 9620 5626 3789 7278 3117 4857 7501 2504 8817 8068 53 7605 5589 9839 373 36 413 3037 1991 5964 2922 
24 5902 6329 4088 419 5777 9696 6202 209 9549 846 7312 4807 1550 7884 5650 832 4862 3904 1709 9055 8655 68 9808 807 
19 489 1090 3775 9156 599 6120 4939 9361 736 2850 4190 2431 4004 5199 6759 9094 4458 1334 1015 
25 268 2642 6909 9950 8691 6642 6743 5176 1756 3392 7260 1964 487 7012 4166 6276 9791 9500 5015 1954 7489 6250 8082 8701 1247 
23 6694 166 4652 9159 2921 7065 5317 5943 914 8844 1687 7945 45 5987 4827 2801 5594 5745 4599 3898 6052 758 3850 
20 477 7210 1913 1245 5241 2320 458 4834 5451 5534 1271 561 9780 8997 6442 9269 3553 3272 7476 8947 
18 6150 7117 2686 5756 2952 4636 9826 7262 2109 8115 9435 2510 2096 3287 3327 1141 1306 5606 
20 9626 6123 2497 665 3608 1236 2960 2567 5106 4524 3639 9204 6894 9271 9953 6335 2747 2145 7813 3559 
22 610 5387 8546 2693 916 7944 5729 1618 4026 9958 815 3900 7639 5752 51 2349 5410 1158 6193 8384 9711 6152 
22 8509 1530 6213 9195 7555 6674 4916 3271 6452 453 7735 3660 1025 6086 3794 4922 8256 9217 834 2726 6065 2502 
29 8086 1635 5263 2482 529 7068 3469 3846 1946 2614 9142 9480 7177 3913 3511 1622 6318 7500 5196 335 7060 1616 1927 879 1952 4785 1312 535 1931 
26 1194 6159 409 245 565 4575 1251 8309 9469 2335 4352 6416 1967 5929 6105 5512 9403 9708 600 8839 236 4193 5138 4522 9123 9736 
19 4984 3354 2220 2115 7142 3262 7125 43 9437 2471 2638 5153 8497 8333 8923 5661 7123 566 9766 
19 1993 8426 8800 3133 2095 3432 5102 946 5738 2050 264 1390 7359 8468 8279 7138 3928 4160 7093 
35 2313 1438 9297 4246 2031 172 9289 7092 4704 3958 5809 2082 9433 3436 1771 1914 8961 4710 3489 3352 6928 3844 609 2858 8472 5081 9715 652 4132 2098 9493 9095 8078 8594 6453 
21 1227 7451 7901 9475 8671 3751 4898 6332 8233 3091 9261 765 4131 3882 7739 792 4363 4257 3718 1226 7173 
23 1492 9864 2330 1348 4866 7822 7680 5247 2859 3999 8270 9363 9594 1615 7625 3143 4795 927 901 9129 1064 327 8301 
21 2324 7927 369 2397 9734 5804 8917 3397 7741 3074 8971 2489 2022 7105 9588 6487 1219 5198 7818 8211 722 
25 9985 8447 5920 9450 7710 5711 6886 102 7276 5803 7629 9438 4784 3992 958 7217 515 8294 2012 3324 4054 70 6789 3218 7161 
25 696 2975 8938 3770 2977 3216 9110 6679 2447 8427 6001 2708 6938 220 6315 2469 6887 4721 4760 4161 1014 5874 4185 1207 3021 
21 6767 2784 8176 8742 444 8028 4921 4899 1029 9548 7160 9522 9235 2267 9108 1385 1540 3633 5434 7017 616 
30 6361 1860 8831 8191 3364 9062 9440 8843 6708 399 3672 6888 618 4487 4543 732 875 676 3336 2876 1769 179 925 6653 5515 9521 6788 1699 6210 2770 
19 3540 3430 6587 7907 3531 4832 8624 5061 8470 1690 2685 8281 1775 5795 191 4983 9861 2940 5682 
26 5027 9463 2979 2884 4699 4677 1188 9238 6681 8345 6995 9017 9188 9825 6937 3526 9124 2391 4129 6153 1645 131 12 5545 3687 4069 
17 6269 8713 388 8721 4009 7999 7798 5805 7591 8436 1397 1080 6049 712 7742 7714 4103 
20 5343 1588 4937 8150 7879 9867 3700 3801 1666 4954 4142 9343 460 5129 6302 7184 436 7751 9938 1343 
22 6794 5466 9570 7457 4117 3673 3710 1656 9103 4457 1471 1761 9331 5274 7101 4712 3246 1144 73 5623 3679 5543 
25 2296 5990 2409 7816 7316 7987 4628 8431 3241 2595 9278 6798 2062 7504 9966 3109 3456 5423 7279 6731 5831 1662 3612 329 5944 
24 8213 8209 9512 3232 871 382 2769 7132 9658 9929 4740 5823 4961 4797 1607 9036 7300 9008 1059 5209 421 9596 3264 4091 
31 5858 9556 9262 6716 1660 1051 6680 9333 5529 1786 7797 8887 7400 824 632 2102 6215 5832 1730 1032 3223 9173 9672 7170 2704 2734 5926 5596 5591 424 3289 
23 7198 6851 6739 9511 4602 3840 8368 6357 7479 4331 7633 4523 7003 6555 2427 785 3219 2262 7676 9307 1148 9878 9354 
23 4687 8184 9073 1008 9882 9230 282 4290 173 2789 7982 1370 6376 3943 9518 564 861 4413 4610 2905 4697 13 4177 
24 1113 5856 5477 9116 4585 3879 3477 3054 8504 9858 8585 7894 8746 6722 7689 9593 6262 7250 9969 8065 7367 9642 3741 2410 
12 7188 1593 9130 4123 7903 584 3776 23 5207 8910 6323 1088 
12 5222 3773 3193 2756 2994 7106 4874 5810 6320 7970 5979 7641 
20 3697 1959 6353 1071 5715 3016 8779 5421 5675 1463 1750 6988 8625 3600 4466 6828 1663 2138 818 1562 
10 4098 3334 938 2479 7651 7809 1129 1288 8541 4281 
20 9698 1852 8094 8220 576 4092 1493 7753 8162 1196 3706 4362 4081 3034 6992 8012 5414 5669 8080 8113 
21 8149 8370 1415 2568 5998 8901 7259 9113 5597 471 5078 4900 5884 5030 8942 9622 8919 5404 1327 5854 5029 
19 2531 4635 4274 5567 5123 4062 9823 1264 7866 889 2866 5197 9340 7744 5239 86 3518 4018 8098 
24 8698 9128 5036 1181 9070 4398 2558 9268 4019 1603 2715 8010 8077 8651 5680 9893 7139 6835 7199 7390 6933 5563 5758 2130 
20 6843 457 5394 6571 9848 9597 6079 7855 591 1434 3927 4023 6506 5765 9040 9885 844 1983 6931 1948 
24 3333 9920 3119 2527 4206 8097 2021 5420 870 7852 8496 2387 2168 4480 8208 4574 3814 4743 145 4041 2886 6959 4479 9517 
19 3655 6547 9000 8027 4279 26 2358 6504 4454 801 8569 8076 5796 2542 8912 7332 605 5742 7713 
18 6780 6208 2931 183 6758 7656 6525 339 7396 9501 2392 9891 4416 265 7154 2839 5857 7058 
24 1838 4170 7448 8485 1568 8140 8540 2749 7272 1124 6126 2617 681 1321 2650 8756 8499 5142 5555 6761 6015 7311 9937 3880 
20 7318 2079 3038 982 127 9516 2402 7205 6730 6712 7570 8661 5098 2239 3764 7244 3716 5328 1140 5471 
14 3410 2357 1365 7777 6081 3657 8192 6230 3941 4288 2450 6112 7943 9131 
24 394 4583 4107 2440 6454 8937 3721 1324 2404 3614 25 5454 4814 3240 526 4434 429 1279 7603 3627 7183 7112 5819 9573 
24 5881 3849 7169 8062 3648 7415 4263 2332 8067 5259 8833 1629 6854 8197 6859 2283 1092 9049 8572 2421 8 7772 9776 8789 
15 4873 6164 5764 9611 1389 6036 9225 2950 3086 788 1731 9792 1514 6246 2203 
16 6139 5746 5082 6062 934 9478 21 8688 8400 9292 4419 7181 5842 6594 8278 3286 
21 4475 9255 6946 7812 6134 1907 7587 9716 386 510 1885 5383 9786 9093 9032 7304 1426 2879 5718 0 5953 
26 3249 5491 6985 9209 7019 5021 8760 680 17 6226 9661 96 1578 2616 2763 4719 551 110 4640 8132 6702 5162 6007 1077 7436 4955 
13 2507 1100 159 374 8827 8373 9043 4168 8166 4025 7972 5988 8582 
16 2327 2422 4213 6727 6907 8952 2561 8680 8676 2514 1811 9841 6796 6435 2337 8862 
29 7687 2791 6652 3636 348 2797 2924 6962 7971 4472 2309 3339 4470 3300 1382 3001 3096 2953 3309 8794 4627 5927 764 7251 1728 2730 2606 3255 1923 
23 3667 902 9429 5962 4971 1464 357 7288 5976 2175 5851 205 2666 3998 5229 5469 4408 6534 1278 8735 7649 910 2273 
25 8557 7357 4639 6082 4497 4871 3509 1934 793 6696 1123 2144 2563 4512 3283 4619 9510 4500 4181 3113 3571 8404 9614 2862 9329 
25 2944 4154 4063 542 7727 2373 8547 3269 5083 467 3101 3331 2299 2186 5645 5687 5754 4239 8964 6501 763 8232 749 8106 8527 
14 6633 3329 2105 9948 8560 7604 8401 7014 5302 8111 9750 8636 690 9770 
22 1407 3067 6132 6359 2548 9983 6375 1420 8601 6540 7071 1965 3365 2029 4671 4427 5028 324 3957 7968 6917 5571 
17 8189 3176 2260 4270 3752 5154 912 9346 6214 1793 5290 2827 3641 9277 7985 3093 7115 
10 8564 6304 1523 2842 5462 9186 7519 9692 6535 6441 
27 7186 1406 7870 4205 3338 4617 4147 3854 7830 3285 4096 3967 2116 1094 8732 7584 5035 4849 7378 5378 9178 4095 2249 6032 5896 392 8217 
20 9820 7428 9364 4552 3946 138 6751 8017 4906 9939 1567 1901 4727 3548 3876 7959 3971 5937 9146 4592 
24 8302 5487 8445 5557 3829 1461 8307 3182 6366 9085 909 4173 7098 3707 974 7032 7294 4210 2826 1044 3003 5362 9220 3620 
15 3236 4437 952 81 3421 3210 4539 3470 7024 8903 7699 6660 7480 1626 2597 
15 5402 2026 4433 355 1283 1073 4876 478 9170 784 1636 316 7496 9560 9117 
36 7862 2915 7768 608 6473 3475 3510 5425 9464 2304 3215 709 106 6932 76 6857 5379 6609 6436 8725 2413 738 7486 6077 7031 5053 2131 7074 5131 1903 4269 4226 1452 9461 295 2508 
21 1724 4885 3220 4913 8780 6925 9968 4060 8264 78 3387 8170 4448 2575 781 3268 2488 4392 1570 4 4929 
39 817 7020 951 4826 2216 6000 9654 3319 448 290 381 950 2663 6305 1239 8869 9837 3146 7474 6905 4453 8960 6926 4533 6873 1229 7969 309 5905 5186 346 5781 1915 6355 452 9746 6817 9714 4292 
33 7849 9246 2817 8804 6336 403 1412 9496 7145 4564 8562 7842 8749 1116 2443 9629 5789 7095 9699 124 8354 5546 3954 5703 5676 9007 3995 5051 8369 7611 898 9097 7467 
24 7993 8055 9071 3325 7778 6678 4988 2955 7326 4993 9709 5565 6813 1155 2517 9618 367 1225 6136 2307 1479 3284 998 6111 
24 3294 9544 7732 6893 3784 5861 5792 4159 2048 7624 6619 3267 151 9884 4351 1296 4762 7238 4389 5772 5726 1028 5773 8397 
27 3918 5649 4355 5009 7769 8659 1840 9778 3574 5313 7708 6556 5233 5552 997 5862 1289 4030 2549 3800 7981 9491 3322 6445 3238 8939 4750 
19 3168 5654 990 4119 3155 9379 8904 7510 8565 2350 1925 416 7771 4151 2435 944 8152 9484 2926 
15 6485 4414 1175 4101 3778 3735 2468 5481 953 194 5705 4148 7241 1118 3887 
26 5227 3104 5100 7197 2075 4406 5519 3449 9355 4218 3359 3376 1187 8318 4514 3852 8479 1445 4551 5399 8090 4305 9646 6546 3665 3589 
